101,75,215.025,368,84,90.97734647215573
101,75,35,35,35,0
101,75,191.71428571428572,264,180,19.794644024921556
101,75,30,30,30,7.048327646991336
101,75,211.86206896551724,288,190,128.79310344827587
101,75,165.25,252,98,126.49134560145133
101,75,104.07692307692308,192,50,67.614290406675
101,75,28,28,28,0
101,75,128.66666666666666,180,50,64.87421392507039
101,75,267.5,399,136,151.76968446740744
101,75,308,308,308,0
101,75,66,66,66,0
101,75,315,624,180,141.0045622308506
101,75,204.45,432,35,159.3434948822922
101,75,435.12,696,294,96.6842502382047
101,75,143.07407407407408,294,80,136.46188897037405
101,75,190.01754385964912,520,60,107.16672696460374
101,75,120.25,132,105,56.25
101,75,126,126,126,296.565051177078
101,75,40,40,40,2.4223788318168684
101,75,391.25,462,260,75.42936860286525
101,75,420.48,459,345,90.77760139312704
101,75,166.5,171,162,193.282525588539
101,75,233.55555555555554,286,207,94.2083315167887
101,75,88.04545454545455,385,20,98.65704738500155
101,75,181.6315789473684,342,60,140.27920244572454
101,75,78.13333333333334,135,48,18
101,75,198.19230769230768,345,90,91.31368756187479
101,75,35,35,35,0
101,75,311.9166666666667,552,80,109.32593559325205
101,75,168,171,162,135
101,75,221,312,171,150.73801350519597
101,75,148.73529411764707,361,54,138.0549221953887
101,75,172.8095238095238,297,150,83.18428084027829
101,75,51.833333333333336,126,36,97.27924444682064
101,75,80.6086956521739,143,28,112.56750127882822
101,75,90.63636363636364,475,40,184.0909090909091
101,75,440.1,806,216,79.49315118405077
101,75,441,462,420,135
101,75,146.72727272727272,154,114,44.26089978598582
101,75,178.45454545454547,312,140,97.14392481009467
101,75,93.43939393939394,425,20,98.19151741923521
101,75,124.77777777777777,210,90,84.54832764699134
101,75,442.3333333333333,550,294,217.7950736857379
101,75,305.15384615384613,432,276,67.18730375560939
101,75,273.625,425,120,139.9809470957021
101,75,182.4,374,108,99.62644038545757
101,75,339.26666666666665,500,300,63.935749564528436
101,75,431.54285714285714,700,260,121.20860813689175
101,75,425.9230769230769,462,285,47.92990560622887
101,75,570.4545454545455,899,154,146.73580535329359
101,75,214.93478260869566,551,28,104.21388565615592
101,75,45.57692307692308,120,16,42.607074092777275
101,75,329.0625,364,275,94.5144475690008
101,75,90.25,133,76,94.33689419140424
101,75,227.54545454545453,528,36,115.56636568260545
101,75,173.375,255,132,100.70016183062555
101,75,333.7368421052632,567,147,57.340122221475035
101,75,149.03846153846155,375,105,109.78615518569907
101,75,280,500,90,158.81678205878012
101,75,95.875,126,77,132.69563139713475
101,75,345.4,440,224,126
101,75,164.66666666666666,180,144,83.855017059026
101,75,145.46153846153845,234,99,74.07797589942706
101,75,243.42857142857142,336,180,115.67527243233205
101,75,49.65714285714286,98,24,85.3217201345232
101,75,128,128,128,16.256659163780025
101,75,336,336,336,198.43494882292202
101,75,22.015625,36,12,41.19632892464185
101,75,282,420,228,94.97099120438617
101,75,322.54,483,70,106.41339565608992
101,75,283.4,378,176,121.5
101,75,276,276,276,19.02820419304942
101,75,99,99,99,0
101,75,216,216,216,25.714285714285715
102,93,345,420,324,26.351584911313246
102,93,1716,1716,1716,0
102,93,620.7435897435897,2072,216,81.33809314062997
102,93,1619.357142857143,2525,1000,113.32852108977315
102,93,1092.12,1406,969,105.59381303632323
102,93,483.3125,901,368,51.77718430143263
102,93,170.86363636363637,264,96,47.04545454545455
102,93,1033.576923076923,1224,899,108.13467055092491
102,93,1176.6,1258,1089,181.62602047083118
102,93,2167.823529411765,2528,1551,103.03720643377353
102,93,117.38888888888889,216,64,57.001520743616865
102,93,1435.8333333333333,3045,1040,56.56632416902196
102,93,733.5,735,720,51.343494882292205
102,93,2302.25,3060,2048,103.94964793431309
102,93,2803.551724137931,3330,2432,82.43311159836236
102,93,84.3529411764706,120,56,32.0702605239844
102,93,1690,2752,288,65.33110609115043
102,93,2444.153846153846,2618,2409,59.84001792896302
102,93,1341.9166666666667,3713,812,52.90965739613346
102,93,2736.6666666666665,2940,2550,197.11339724863663
102,93,3550.181818181818,3731,3510,43.281402196126216
102,93,2059.4864864864867,3600,1088,110.98712761361882
102,93,2794,3096,2730,74.65509316255059
102,93,2257.032258064516,3267,1295,76.43236681872534
102,93,2392.25,3010,2070,100.29720559363227
102,93,3040.733333333333,3403,2925,81.19017975141658
102,93,1481.7777777777778,2470,1190,81.59938957874796
102,93,625.9230769230769,750,594,56.94481223760897
102,93,1307.5,2464,627,96.20689655172414
102,93,160.33333333333334,280,120,143.85501705902598
102,93,1874.9473684210527,2610,1534,109.32911550593292
102,93,2370.8571428571427,2610,2016,157.95519292130945
102,93,3352.5384615384614,3458,3330,61.31737676744672
102,93,2411.3333333333335,4512,1271,125.41823894467673
102,93,2542,3510,1976,68.51189796487527
102,93,1598.3636363636363,2310,1242,104.69288395331337
102,93,209.66666666666666,225,182,98.00999419530399
102,93,2061.074074074074,2992,1334,161.5475553115913
102,93,1553.047619047619,2784,1026,103.57468991235679
102,93,2134.315789473684,3276,1664,88.90672343778705
102,93,3671,4700,3478,71.13654927452554
102,93,2414.6428571428573,2975,2291,70.24719606474807
102,93,1818.142857142857,2204,1728,57.857142857142854
102,93,2339,3154,2046,86.66600677599794
102,93,1690.6153846153845,2478,1560,63.12458886739655
102,93,152,152,152,0
102,93,292.32,425,120,115.76144973871706
102,93,2867.1428571428573,3760,2555,90.60278979011072
102,93,987.9736842105264,3204,209,126.4352520960005
102,93,180,220,160,132.69563139713475
102,93,560,560,560,18.434948822922024
102,93,253.125,405,153,180.89153201863002
102,93,480.8125,748,216,161.10263452049313
102,93,814.6666666666666,858,754,0
102,93,250.4,440,120,169.37397952916882
102,93,2560,3276,2376,89.9637952204184
102,93,1858.5833333333333,3192,1287,112.83875426475652
102,93,246.88888888888889,532,98,165.99695851276627
102,93,1105.953488372093,2160,682,82.67441860465117
102,93,3053.6470588235293,4232,2720,77.92081317988549
102,93,2994.1428571428573,3720,2340,172.04554322240617
102,93,2725.875,3534,2520,76.00031787532839
102,93,3236.5625,4095,2451,128.24612864684673
102,93,2911.875,3648,2739,74.31874127005979
102,93,3068.0714285714284,4185,2812,65.30460802129143
102,93,3084.875,3720,2940,64.80297564162466
102,93,2461.529411764706,3400,242,72.10194117028786
102,93,489.25,812,352,115.68894966271615
102,93,558.5,627,468,132.1495451718246
102,93,247.34782608695653,420,120,192.99122815527954
102,93,124.2,196,80,107.82155718916404
102,93,579.8571428571429,897,399,149.75464651264843
102,93,3225.6315789473683,4418,2844,97.74486614393477
102,93,2414,2691,2376,32.72727272727273
102,93,3204.9285714285716,3520,3145,69.14569665823583
102,93,3409,3744,3344,73.07390859504291
102,93,939.3333333333334,2040,720,62.43992268451476
102,93,1901.6153846153845,2916,1700,68.16453634130606
102,93,386.7857142857143,440,357,136.89750365550557
102,93,107.11111111111111,120,96,182.95167235300866
102,93,1470.1016949152543,3432,616,114.32603997134362
102,93,346.27777777777777,550,252,155.64650368459087
102,93,1556.4102564102564,3648,550,129.20817698498175
102,93,155.1,165,154,30.686989764584403
102,93,1109.9473684210527,2592,594,132.36900756262762
102,93,2667.1,3520,2376,100.15350472642817
102,93,2539.6315789473683,3534,2211,95.3625609494541
102,93,1599.4888888888888,3458,1024,77.2703082527427
102,93,2771,3549,2574,67.5
102,93,88,88,88,0
102,93,3809.0833333333335,4224,3731,55.572491470487
102,93,3133.3125,3480,3034,72.23598931798307
102,93,390.8813559322034,665,240,103.20400412657503
103,38,90.70967741935483,115,64,49.354838709677416
103,38,390.8125,1088,84,90.05626539509997
103,38,1590.3,1924,1098,170.23352785927136
103,38,1259.5882352941176,1591,1089,95.17991256524033
103,38,173.37209302325581,377,64,75.30050067135141
103,38,189.78947368421052,198,180,101.29974492269652
103,38,3547.3333333333335,3880,3008,146.37941854786814
103,38,2345.3333333333335,3136,750,203.41054085071914
103,38,3635.0714285714284,4512,3388,73.1054484497216
103,38,2986.6666666666665,3045,2905,170.23621260967192
103,38,2155.75,2345,2112,35.286245735243504
103,38,3895,3977,3772,173.6080662558962
103,38,3770.090909090909,4472,2982,174.73455180462076
103,38,87.75,198,68,80.77944951817803
103,38,3845.8,4018,3608,172.55303320368506
103,38,3063,3276,2622,175.21897540437678
103,38,801.6666666666666,812,783,171.76085302963887
103,38,3337,3864,2596,155.8878893497813
103,38,2639,2639,2639,180
103,38,1721.7272727272727,2046,1674,24.545454545454547
103,38,3705,3705,3705,180
103,38,1302,1302,1302,0
103,38,2976,3008,2944,180
103,38,3402,3402,3402,169.69515353123393
103,38,3579.6,3648,3458,164.0609692937532
103,38,242,242,242,0
103,38,3363.722222222222,4158,2360,168.07249147048702
103,38,2117,2117,2117,30
103,38,4247.666666666667,4418,4140,236.19293790833353
103,38,3104.6666666666665,3318,2880,171.14498294097402
103,38,3999,3999,3999,180
103,38,3558,4224,2508,168.27563734300887
103,38,88,88,88,0
103,38,3375.25,3655,3080,121.96874591277455
103,38,3783,3783,3783,180
103,38,96.36363636363636,125,88,90.73910021401417
103,38,4800,4800,4800,158.19859051364824
103,38,3822,3822,3822,165.9637565320735
104,11,307.7692307692308,351,300,84.75620898368419
104,11,121,132,110,265.2688388959872
104,11,208,208,208,0
104,11,290.2,351,198,98.70887333859233
104,11,963,1178,744,22.67704421144274
104,11,103.36666666666666,132,80,66.45272075394173
104,11,207.23312883435582,432,54,85.78819802635645
104,11,72.6896551724138,308,25,148.29753968246266
104,11,96,96,96,26.565051177077976
104,11,514.2,630,448,91.69275130641472
104,11,828,828,828,225
201,75,228.27777777777777,297,36,161.33124938747656
201,75,144,144,144,16.55958260754739
201,75,159.41860465116278,264,60,156.68537656490344
201,75,204,204,204,0
201,75,68.66666666666667,75,56,257.37500544963393
201,75,152.22222222222223,400,36,116.35114416707637
201,75,175.2,242,133,110.6565051177078
201,75,306.8125,322,286,145.0978156985674
201,75,64.22222222222223,98,55,81.38784664478978
201,75,130.83333333333334,437,76,88.24536969743417
201,75,528.2647058823529,1092,308,94.3823441999168
201,75,252.05,294,192,105.27688388959874
201,75,257.61538461538464,286,231,149.7161486518477
201,75,279.8235294117647,441,153,147.25956832018073
201,75,149.21052631578948,403,80,64.91762888541695
201,75,185.90322580645162,341,114,95.68682489815707
201,75,331.25,352,285,90.68157774847656
201,75,116.76923076923077,126,114,15.0969388237163
201,75,191.28571428571428,276,133,180
201,75,274.875,552,102,89.30021325904488
201,75,450.5,459,442,0
201,75,32,32,32,0
201,75,154.33333333333334,180,126,159.64668554223732
201,75,226.3181818181818,364,133,172.82574299191282
201,75,184.42857142857142,228,112,149.17392491592298
201,75,40,40,40,0
201,75,207,207,207,0
201,75,140.2941176470588,184,126,80.69264237968909
201,75,212.63636363636363,322,176,148.20953149716055
201,75,184.75,450,140,104.75391078692623
201,75,150,342,48,176.73980154759548
201,75,193.44444444444446,240,168,90.98389078433623
201,75,239.3953488372093,598,84,108.53683871015575
201,75,296.7741935483871,408,168,119.33856896305188
201,75,150.25,176,132,160.32748311850506
201,75,152.1290322580645,230,52,112.00403278544846
201,75,110.56666666666666,308,68,93.81759068267527
201,75,573.9411764705883,1144,260,67.51477499275062
201,75,288.1666666666667,420,99,65.625
201,75,136.10714285714286,231,90,52.459130757847014
201,75,102,102,102,0
201,75,168.77777777777777,220,120,162.95167235300866
201,75,296.72727272727275,380,242,105.52568414441265
201,75,227.9090909090909,342,192,162.20268098952886
201,75,265.0952380952381,391,204,177.959408829919
201,75,265,280,240,59.54561483434896
201,75,243.5,442,156,132.34543086763924
201,75,166.76470588235293,364,77,175.46615453984472
201,75,240,240,240,0
201,75,404.45454545454544,680,216,180.9953297178299
201,75,104,104,104,0
201,75,170,230,150,162.7152668749995
201,75,200.03846153846155,315,132,94.15388069964548
201,75,243.5,312,207,123.07249147048701
201,75,252.30769230769232,377,48,197.44537773909585
201,75,75.61111111111111,156,48,58.52416382349567
201,75,88,88,88,7.951672353008664
201,75,195,195,195,315
201,75,112.2,128,90,150.90170459753367
201,75,98.57894736842105,168,35,88.76220196171583
201,75,172.5,184,161,0
201,75,87.91304347826087,114,68,117.83934115081588
201,75,167.44444444444446,312,90,182.16000386979735
201,75,198.25,250,168,141.6412627942695
201,75,157.41176470588235,200,152,63.05117044975553
201,75,125.61111111111111,300,80,80.6380637988292
201,75,165,182,161,169.09590101888512
201,75,221.7826086956522,493,24,174.46325701247596
201,75,133.1904761904762,336,65,157.16991463228945
201,75,52.26315789473684,192,28,58.00263527066041
201,75,353.1454545454545,858,209,172.14359389085678
201,75,200,264,168,184.0909090909091
201,75,137.2,140,133,147.05102374061156
201,75,264,288,252,166.37327413195572
201,75,247,247,247,180
202,106,3593.4,4290,2808,173.9612833334971
202,106,2881.740740740741,3024,2575,79.31722411766957
202,106,1474.2857142857142,1500,1460,176.65925413468378
202,106,392.7027027027027,544,324,151.94108567243612
202,106,2081,2838,153,181.03481374637812
202,106,4097.5,4656,3680,180.59136578842126
202,106,141.35,270,72,179.15842727900827
202,106,367.875,464,288,174.8107465704417
202,106,83.4,114,80,34.156505117707795
202,106,168.47368421052633,216,126,204.52420066872503
202,106,478.42857142857144,558,390,219.5587467312892
202,106,730.125,4437,288,172.98770332850856
202,106,100,126,72,94.53106777306586
202,106,2501.846153846154,5000,190,124.37129735530476
202,106,107.83333333333333,152,80,156.557505627165
202,106,3080,3080,3080,172.8749836510982
202,106,363.44444444444446,464,264,192.20666134363358
202,106,168.5,220,112,163.30171769490659
202,106,277.390243902439,392,207,156.10499625533572
202,106,289.1645569620253,440,220,138.78151639609732
202,106,165.6875,180,140,83.22281569856737
202,106,1030.0731707317073,5253,126,102.34473573115919
202,106,577.7555555555556,3600,168,123.59033447060173
202,106,607.3870967741935,2622,200,83.09920346237945
202,106,189.1153846153846,252,161,56.34014716109331
202,106,693.9473684210526,3367,152,66.59354768857408
202,106,266.7142857142857,384,207,45.36803023102736
202,106,649.1923076923077,690,594,77.88461538461539
202,106,223.96296296296296,266,200,196.20263675151293
202,106,4012.5,6588,126,116.67104204953941
202,106,198.71428571428572,290,140,203.69382821439515
202,106,3132,3132,3132,180
202,106,3567,3567,3567,168.69006752597977
202,106,517.7042253521126,777,416,169.66146135960668
202,106,243.57894736842104,297,180,131.15862750461577
202,106,186.33333333333334,242,120,174.44928327728198
202,106,229.40650406504065,609,126,152.03685208524809
202,106,218.53846153846155,243,200,72.6923076923077
202,106,368.14814814814815,492,290,199.88222851407912
202,106,246.83333333333334,308,198,137.47705341590304
202,106,1468.111111111111,3990,217,90.72736564258823
202,106,445.51428571428573,910,160,107.62894116238098
202,106,312.3863636363636,720,192,148.54219121245595
202,106,218.2054794520548,464,120,208.4864594429288
202,106,196.36363636363637,207,189,149.6877319251889
202,106,190.93023255813952,476,88,166.13232715176696
202,106,293.44444444444446,494,147,195.85292430043168
202,106,366.44444444444446,456,240,175.95212687553752
202,106,757.5,1280,144,169.4073794191484
202,106,447.0625,559,407,66.51821013568652
202,106,197.82692307692307,275,114,179.19987729518732
202,106,120.68571428571428,180,56,103.18028378497202
202,106,171.3235294117647,250,108,211.4790025316171
202,106,178.48648648648648,304,99,49.27964837549416
202,106,498.0487804878049,682,210,139.81536250774798
202,106,492.95,754,240,175.3644982940974
202,106,160.21052631578948,216,112,152.54920783278536
202,106,4116,4272,3960,154.64470343125015
202,106,220.67857142857142,496,108,120.05816671536101
202,106,77.33333333333333,80,72,0
202,106,302,420,252,260.79428073883196
202,106,224.3846153846154,242,198,126.65885009054445
202,106,5177,5445,4794,177.3011542773705
202,106,256.5,351,189,85.68278135905757
202,106,390.60377358490564,483,260,191.34101083329713
202,106,247,247,247,180
202,106,248.05263157894737,330,216,159.6446483304924
202,106,364.2,465,204,191.8285834420171
202,106,1974,1974,1974,0
202,106,323.16279069767444,512,234,119.17665601487792
202,106,2273.4523809523807,3219,880,148.84438454707404
202,106,240.78333333333333,418,150,102.80907944092658
202,106,252.66666666666666,280,224,108.07249147048701
202,106,186.8,299,108,94.31198168559474
202,106,312.9268292682927,1152,120,121.12486653354613
202,106,330.3529411764706,512,168,137.83554953283522
202,106,472.20588235294116,812,147,190.0044253899489
202,106,680.8095238095239,960,315,153.17213233060886
202,106,167.88888888888889,189,140,217.04832764699134
202,106,237.9189189189189,294,195,140.14337422888556
202,106,183.54716981132074,286,91,152.3289612985457
202,106,39.77777777777778,63,28,114.42750852951298
202,106,95,95,95,0
202,106,163.22222222222223,256,115,80.4523703296949
202,106,172.9625,352,90,114.90666543108144
202,106,155.725,207,114,239.59987284986863
202,106,689.24,880,513,115.24128978766265
202,106,313.82142857142856,588,231,261.3041369304036
202,106,214.36363636363637,423,168,19.42636977508907
202,106,179.22222222222223,210,144,315.3127659760148
202,106,208.5,319,88,226.91317260618953
202,106,297.5,522,224,69.83577754052945
202,106,299.390243902439,420,216,169.80291769296466
202,106,197.46341463414635,272,120,160.49524015777473
202,106,187.16666666666666,221,132,287.8504548281754
202,106,99.14814814814815,176,56,115.63763235510335
202,106,3936,3936,3936,180
202,106,110,110,110,180
202,106,280.1860465116279,640,140,182.9923265220477
202,106,214.21333333333334,360,95,84.12478800093966
202,106,222.75,300,160,225.63033430196438
202,106,179.23728813559322,240,119,182.60059235293087
202,106,270,270,270,63.434948822922024
202,106,226.32142857142858,385,132,155.59393456249154
202,106,280,299,273,173.64804304616578
202,106,234,261,207,135.52997168664405
203,122,5481.666666666667,6072,4880,169.53872658881883
203,122,3211.404761904762,4494,2730,122.71553641459641
203,122,1155,1155,1155,175.23635830927378
203,122,2047.4285714285713,2100,1944,173.36383115557308
203,122,24,24,24,0
203,122,953.8484848484849,1209,91,171.9403105705957
203,122,1744.967741935484,1794,1591,178.9132236281942
203,122,464.2,608,390,174.96837954758988
203,122,2965.375,3069,2904,179.65921112576171
203,122,4632,4848,4416,165.47269795046145
203,122,229.75757575757575,279,180,125.23602417329309
203,122,3578.4736842105262,3705,3255,173.2439642503038
203,122,3449,4590,2697,165.2647245936901
203,122,132,132,132,0
203,122,333,333,333,20
203,122,2796.5454545454545,3332,1443,191.2611111757843
203,122,342.6666666666667,372,312,227.640586580672
203,122,5036.75,5148,4802,174.74062224364454
203,122,3422.5,3627,3293,176.04161003537072
203,122,4360.25,4462,4257,173.9326220881372
203,122,3715.25,3913,3600,176.38720537047476
203,122,3440.5,3560,3306,175.94191102546634
203,122,4611.806451612903,5184,3430,172.27827944844913
203,122,3290.5,3382,3240,174.32409457691247
203,122,4150.625,4356,4059,177.9877946295252
203,122,3506.75,3655,3315,174.58816714317032
203,122,950.25,1054,812,171.01347687178827
203,122,4207.75,4512,3906,174.25195095819217
203,122,3140.2380952380954,4346,2436,111.02285769568533
203,122,3387.6666666666665,3680,3060,174.8082688207268
203,122,425.7142857142857,518,306,222.0906376765587
203,122,4295,4500,3977,173.98639699939767
203,122,654.1666666666666,5200,77,90.16029743648748
203,122,1906.75,4092,275,128.9451445075192
203,122,748.5769230769231,2940,210,81.09761653382601
203,122,940.5128205128206,4128,288,86.05788800267344
203,122,432.5,532,350,64.027979050956
203,122,1348.9354838709678,3434,80,109.37917439136096
203,122,3557.3333333333335,3680,3496,175.54477917743847
203,122,701.56,819,630,88.56540753437639
203,122,342.6470588235294,455,280,231.1804993034995
203,122,3561.6666666666665,3608,3510,174.81010563380525
203,122,3117.4,3612,2688,169.1075355583949
203,122,3645.25,3784,3444,171.0117856667202
203,122,4640.333333333333,4988,4368,169.38162253918358
203,122,1223.904761904762,1530,798,262.799476781784
203,122,393.85714285714283,490,308,142.07756937383104
203,122,282,700,128,76.35070324729506
203,122,249.1764705882353,330,198,218.62147359865165
203,122,419.6842105263158,880,252,84.83525777083389
203,122,503.9166666666667,532,444,51.90624863759152
203,122,716.2692307692307,1176,451,237.02984764460052
203,122,430.05263157894734,532,310,135.23747631440705
203,122,973.972972972973,4462,248,91.15151950603621
203,122,1248.7916666666667,1406,1015,56.81186152452627
203,122,517.0625,592,429,53.23876061750848
203,122,4235.1,4653,3686,173.87979298501688
203,122,645.1538461538462,792,504,263.51752579396964
203,122,325.0833333333333,384,308,128.7146531721274
203,122,818.060606060606,1320,160,172.3083509429756
203,122,353.86206896551727,533,279,229.1291338378256
203,122,572.695652173913,1025,207,100.95732914361027
203,122,286,286,286,308.855017059026
203,122,4923.75,5400,4628,168.82870220184725
203,122,3904.777777777778,4171,3686,173.8969356502233
203,122,492.5,765,320,244.17258488779558
203,122,4623,4922,4242,175.15595320200546
203,122,1657.578947368421,6324,440,75.36157356030758
203,122,5003,5600,4275,168.40355521695386
203,122,196,196,196,0
203,122,4699.571428571428,5200,4171,171.8365215715767
203,122,4695.785714285715,5292,4185,186.49487907020824
203,122,4552.166666666667,5100,4171,173.41936170206864
203,122,5488.5,5841,5225,169.25856020239004
203,122,4332.333333333333,4508,4128,174.76840141303606
203,122,495.625,572,451,73.53202574149391
203,122,871.5,882,840,55.26370344274062
203,122,4042,4386,3698,169.7581775105702
203,122,265.44444444444446,315,224,262.5983578952459
203,122,119,119,119,0
203,122,1438.4666666666667,2124,680,105.41127649796154
203,122,2973.6666666666665,3026,2904,150
203,122,462.8888888888889,1078,320,138.30498681077134
203,122,233.53846153846155,361,184,58.50779189576958
203,122,357,432,330,127.79452532297928
203,122,444.6666666666667,700,390,73.0840136472208
203,122,309.06666666666666,525,234,207.56425043547156
203,122,256.81481481481484,430,180,247.14138400862205
203,122,585.6190476190476,903,374,262.0251813194834
203,122,5462.857142857143,5928,4900,175.19063373911484
203,122,4726.666666666667,5187,4042,164.3853173190392
203,122,4989.125,5280,4512,170.21724011360786
203,122,285.5,396,192,268.4637542647565
203,122,4586.166666666667,4851,4257,172.65509257656322
203,122,243,378,228,4.360281897270363
203,122,5172.666666666667,5512,4753,169.61877294563496
203,122,5084.75,5445,4753,170.76498184163816
203,122,1063.0384615384614,1512,782,70.41978997716532
203,122,345.6666666666667,476,240,310.1629549764735
203,122,549.6363636363636,689,432,67.13044989299291
203,122,350,468,234,276.013809934407
203,122,334.15384615384613,448,242,262.2529431988774
203,122,4896.4,5100,4508,176.48276227473409
203,122,267,378,156,12.072441570999079
203,122,5572.279069767442,6438,4224,119.54638527673467
203,122,158.2,216,99,177.55668269248685
203,122,4324.5,4692,3915,169.3546821084682
203,122,4468.694444444444,4800,3916,159.49700513960258
203,122,4238.7,4284,4100,175.7280797320587
203,122,4274.571428571428,4508,3977,171.94279655955012
203,122,453.44444444444446,540,372,224.5854003334266
203,122,5076.571428571428,5616,4455,170.27849219199192
203,122,5706.75,5928,5459,169.77702804428395
203,122,524.5,861,396,235.5117323607787
203,122,408.35714285714283,510,363,250.29241849187352
203,122,204.25,260,170,240.8587372057305
203,122,685,814,540,197.9866927795429
203,122,446.2142857142857,697,330,55.45070946243002
203,122,542.9090909090909,629,532,17.39181204309275
203,122,187.5,360,156,39.713754264756496
203,122,4533.714285714285,4850,4185,173.49717974464474
203,122,684,684,684,0
204,51,66.33098591549296,266,20,90.22478609444754
204,51,84,84,84,0
204,51,218.32369942196533,483,70,101.52839750271784
204,51,470.3333333333333,512,420,221.6946450249636
204,51,828,828,828,0
204,51,53.357142857142854,105,42,33.45963920163729
204,51,210.5,275,135,208.7690529042979
204,51,198.96428571428572,252,143,157.19619809540904
204,51,141.66666666666666,399,112,53.78070527681635
204,51,169,169,169,0
204,51,484.6470588235294,602,350,112.01911475656749
204,51,382.7692307692308,462,360,83.76352506976117
204,51,394,481,322,82.57762116818314
204,51,243.22222222222223,380,48,79.64668554223731
204,51,482.5,518,455,43.13784206335124
204,51,312.4,684,154,100.12064526334981
204,51,307.6363636363636,507,49,124.02404657255273
204,51,409.6666666666667,448,375,86.86668580689123
204,51,108,108,108,0
204,51,615.8888888888889,714,544,60
204,51,583.5714285714286,703,455,224.2671110286894
204,51,1510.3333333333333,1595,1425,243.072491470487
204,51,1308.7142857142858,1755,416,67.84026012076615
204,51,518,518,518,67.5
204,51,875.75,1218,544,234.18509399168587
204,51,738.1764705882352,1088,253,103.87101154248747
204,51,1402.6,1520,1330,55.94400348281762
204,51,480.625,504,468,59.44499564647798
204,51,451.25,468,429,319.6087372057305
204,51,97.5909090909091,195,36,104.4049614742271
204,51,818.2816901408451,1250,602,71.82285913542232
204,51,140.52941176470588,210,117,10.038785127183129
204,51,499.52941176470586,630,252,62.4405103155877
204,51,660,660,660,82.8749836510982
204,51,760.6666666666666,897,390,27.307339848471468
204,51,466.19354838709677,540,363,231.76596391280458
204,51,380,420,351,306.144982940974
204,51,715.3548387096774,792,644,228.86963453312316
204,51,341.7142857142857,512,238,106.32287724088383
204,51,1041,1120,962,217.47490335190568
204,51,1134.3684210526317,1292,720,46.91006168843349
204,51,1511.111111111111,2295,1320,75.05734692730921
204,51,432,444,420,306.7478193091225
204,51,28.7,35,28,63
204,51,492,540,408,299.1059416695407
204,51,476,476,476,216.86989764584402
204,51,200,200,200,0
204,51,588.5,612,570,44.58150838748816
204,51,809.4444444444445,858,770,227.30802829800507
204,51,728.1,1007,434,101.93872064768898
204,51,427,493,360,71.73187826603677
301,74,82.58333333333333,91,72,30
301,74,205.67375886524823,1269,45,93.09706643750253
301,74,286.95652173913044,308,286,11.73913043478261
301,74,36,36,36,0
301,74,67.86363636363636,102,56,56.01550585886238
301,74,55.733333333333334,84,40,173.3855017059026
301,74,637.5714285714286,1748,304,151.32978520279087
301,74,448,448,448,0
301,74,120.0752688172043,357,40,68.71740234536108
301,74,167.17045454545453,272,63,115.24159323532173
301,74,91,91,91,15
301,74,302.61538461538464,495,270,63.41517216938038
301,74,76.92857142857143,108,68,23.816782058780145
301,74,102.80952380952381,182,35,81.5896090562234
301,74,40.36363636363637,60,36,26.221358983902004
301,74,54,54,54,15
301,74,40,40,40,15
301,74,36,36,36,0
301,74,113.33333333333333,133,95,146.61655877958296
301,74,44.526315789473685,78,24,65.52271114950041
301,74,131.47457627118644,300,28,134.48466893083452
301,74,146.05128205128204,360,32,97.39576791853645
301,74,102,102,102,10
301,74,164.52941176470588,475,66,90.60234643214426
301,74,244.8,345,182,45.9217474411461
301,74,120.121387283237,264,20,99.47653199322646
301,74,68.72727272727273,76,68,8.181818181818182
301,74,87.46428571428571,120,48,39.26571552957772
301,74,74.2,102,56,181.40362434679264
301,74,122.3801652892562,230,32,72.52066115702479
301,74,72,72,72,45
301,74,168,168,168,0
301,74,73.90322580645162,108,44,73.63008820831776
301,74,100.84375,220,48,54.54396455428967
301,74,38.57142857142857,72,30,33.73207311837231
301,74,317.68,572,126,92.28513551742836
301,74,183.92857142857142,319,92,184.871327893832
301,74,413.5,450,396,139.21125844074749
301,74,216,216,216,0
301,74,53.92,78,48,53.498847691633934
301,74,151.3469387755102,270,60,48.62908685480388
301,74,197.125,210,143,92.50535364910446
301,74,170.61111111111111,364,138,117.0405122673846
301,74,211.71328671328672,266,66,78.67132867132867
301,74,254.47826086956522,320,195,96.67108473143138
301,74,170.20430107526883,330,45,101.27995960718201
301,74,266,280,252,168.69006752597977
301,74,181.04761904761904,225,144,124.28571428571429
301,74,56,56,56,0
301,74,204.3846153846154,500,153,180.5447884605174
301,74,316.6666666666667,384,270,46.875
301,74,701.7931034482758,1953,135,134.91218272454626
301,74,291.5,336,247,209.838196568725
301,74,196.70833333333334,722,56,97.96411491364786
301,74,88,88,88,0
301,74,48.425925925925924,85,18,59.31758464533286
301,74,120,120,120,0
301,74,49.75,84,27,62.42843856618913
301,74,57.53846153846154,80,48,182.4204697142765
301,74,91.06451612903226,144,44,160.53435648958316
301,74,107.75,176,64,28.125
301,74,73.125,81,64,46.75504956747087
301,74,135.95454545454547,238,52,66.222044942985
301,74,208,216,204,344.28413819056715
301,74,215.7682119205298,475,110,93.5367194818573
301,74,94.15,154,45,99.2032525588539
301,74,116.66666666666667,360,15,66.78450847637748
301,74,65.09210526315789,147,24,77.24694553396321
301,74,54,54,54,0
301,74,268.06060606060606,340,240,82.37681663099762
301,74,176.75,560,51,75.43403436645438
301,74,54,54,54,0
301,74,195,195,195,0
301,74,430.54545454545456,754,220,126.71296972107915
302,136,128.31958762886597,208,66,75.61855670103093
302,136,252.46153846153845,600,96,91.02173273757992
302,136,2915.75,3002,2736,184.6087372057305
302,136,597.7272727272727,646,560,139.0909090909091
302,136,235.41176470588235,264,180,182.2012626191259
302,136,191.05882352941177,275,154,166.76470588235293
302,136,223.375,352,175,261.0543686028652
302,136,170.3684210526316,435,90,203.89816058826727
302,136,93.22222222222223,105,84,212.04832764699134
302,136,480.45454545454544,544,442,233.47089364726037
302,136,249.71428571428572,290,234,231.42857142857142
302,136,248.1581027667984,828,195,58.84717862833814
302,136,203,203,203,27.577621168183132
302,136,514.7727272727273,630,416,100.14630663239883
302,136,201.24444444444444,319,72,156.6115760012568
302,136,630.8666666666667,4559,266,222.8947448221241
302,136,56,56,56,2.048327646991336
302,136,480.0869565217391,680,360,149.4140871044976
302,136,494.44444444444446,540,448,207.04832764699134
302,136,287.5625,363,190,117.48094709570212
302,136,457.3125,588,336,265.68975333607364
302,136,274.52,560,126,186.31388993308406
302,136,234.33333333333334,324,168,141.6588500905445
302,136,150.0888888888889,216,90,69.81933105879652
302,136,326.255033557047,418,220,87.3510392380454
302,136,235.78125,425,91,105.35054298485862
302,136,68.1,96,65,22.5
302,136,4312,4312,4312,183.17983011986422
302,136,353.4583333333333,690,120,108.86821829309288
302,136,193.98275862068965,450,96,119.12797144873426
302,136,5734,6042,5368,180.82433659175527
302,136,141.53846153846155,255,121,43.08040380195546
302,136,191.57142857142858,375,108,287.67000964656853
302,136,413.1333333333333,820,204,226.9954341227005
302,136,308,308,308,19.66992442339936
302,136,281.0740740740741,546,119,96.91653390321434
302,136,223.66666666666666,595,36,194.19511449304972
302,136,508.46153846153845,897,160,73.63961680609803
302,136,443.02702702702703,828,230,153.37570419212207
302,136,497.77272727272725,798,364,150.15613403740554
302,136,335.35849056603774,500,185,161.9912769394712
302,136,1102.344827586207,2100,340,109.1120700930277
302,136,140,200,105,84.93195429664878
302,136,457.5090909090909,884,192,82.01897167996295
302,136,271.5365853658537,340,220,67.59914758968483
302,136,180.375,320,115,225.132492921661
302,136,166.6216216216216,270,112,56.66392030208319
302,136,338.05263157894734,384,261,108.08174551305908
302,136,290.89156626506025,576,161,62.83055883309603
302,136,207.78571428571428,290,160,199.28571428571428
302,136,211.4,234,200,321.58494228336133
302,136,285.64516129032256,760,100,115.46261580440944
302,136,307.2448979591837,1025,60,172.15355269329547
302,136,268.22727272727275,684,80,141.43956491726823
302,136,252.19672131147541,560,90,189.49459795813456
302,136,499.3333333333333,560,444,133.53376488166816
302,136,156.77777777777777,192,144,98.3356294151767
302,136,129.72727272727272,245,80,71.39913202957962
302,136,277.6046511627907,640,196,114.42453764425716
302,136,60,60,60,0
302,136,245.42857142857142,260,234,263.57142857142856
302,136,516,516,516,13.743340836219975
302,136,239.07894736842104,336,80,108.82377705284985
302,136,47.53333333333333,126,35,37.899709241216335
302,136,99.6842105263158,162,60,71.70205722517505
302,136,72,72,72,0
302,136,399,399,399,225
302,136,319.06833712984053,896,48,53.81812851252521
302,136,320.6111111111111,437,216,93.66438251253396
302,136,116.4375,210,60,97.6073421507163
302,136,1463.5454545454545,1539,1456,49.09090909090909
302,136,574.1685393258427,1680,161,101.16956972700923
302,136,141.76363636363635,225,69,105.11172696256315
302,136,301.6521739130435,533,168,66.96678868521178
302,136,195.1237113402062,270,40,93.82614156215355
302,136,238.90243902439025,272,216,48.490978106198924
302,136,1289.5675675675675,1904,396,94.19380144356352
302,136,566,1120,256,87.13070863318772
302,136,339.72727272727275,874,234,95.97771775205291
302,136,441.4418604651163,987,207,43.99645605269755
302,136,542.8,648,518,103.2289965881948
302,136,483,504,456,248.3130102354156
302,136,1394.5625,2040,1240,145.32047245947055
302,136,199.2,208,180,171
302,136,1820,1820,1820,40.96946161138086
302,136,323.4,385,279,159.04948485991386
302,136,172.71428571428572,240,135,161.22321545349297
302,136,660.0625,1080,425,85.69656143381087
302,136,3304.5,3584,3025,88.3167696682851
302,136,4873.666666666667,5913,1462,117.40461048822367
302,136,331.9655172413793,744,190,91.58077669864623
302,136,398.93617021276594,666,170,73.67713310394448
302,136,200.53846153846155,555,96,215.8463608926186
302,136,500.5,560,476,176.58217321695105
302,136,189.22222222222223,378,65,112.6141666100354
302,136,168.47826086956522,464,102,108.29167990560939
302,136,582.8333333333334,882,182,88.97583617650433
302,136,236.31428571428572,288,208,73.83288822303771
302,136,321.8181818181818,384,286,153.03954080208382
302,136,557,608,540,24.28125408722545
302,136,223.63636363636363,864,126,232.86955010700711
302,136,373.16494845360825,1452,176,118.11545665867531
302,136,161.15,275,85,134.93184222515234
302,136,398.12820512820514,840,189,59.52730900454047
302,136,2950.4285714285716,3276,2695,56.695699663692004
302,136,214.77272727272728,276,171,67.13044989299293
302,136,475.3,513,425,59.3130102354156
302,136,248.6,272,231,135
302,136,253,407,147,113.3130102354156
302,136,414.53333333333336,644,380,84.58649404733272
302,136,512.6666666666666,666,420,148.0472425219344
302,136,261.3333333333333,264,256,158.85501705902598
302,136,217.53333333333333,576,115,120.67447555795043
302,136,207.33333333333334,264,170,226.2818309078938
302,136,524.5128205128206,984,304,102.9223750414076
302,136,517.6349206349206,980,196,141.5382734463337
302,136,772.8947368421053,1240,493,125.88046099742944
302,136,159.64601769911505,279,60,103.15271027329216
302,136,576.8235294117648,704,440,241.96676169546598
302,136,272,286,260,180
302,136,212,220,190,102.68698976458441
302,136,340.7631578947368,608,220,126.18708994394841
302,136,515.125,589,378,73.90805048182197
302,136,567.5882352941177,713,390,94.77944080008497
302,136,1278.6666666666667,1288,1260,156.14498294097402
302,136,1519.825,2040,612,93.0922516881495
302,136,329.0735294117647,660,144,59.08130599572282
302,136,165.47058823529412,286,72,42.65602489614018
302,136,359.6666666666667,385,320,153.7699774913401
302,136,345,345,345,18.2282893443419
302,136,351.25,460,299,110.03370484315862
302,136,366.5,518,261,142.424413479007
302,136,311.5,336,308,69.78263203590284
302,136,432.3333333333333,476,405,188.85501705902598
302,136,319,615,180,201.2780934439877
302,136,346.2857142857143,504,210,214.04036079836274
303,157,6233.363636363636,6572,5757,175.20888324852123
303,157,5017.357142857143,5280,4536,163.0028858638612
303,157,2041.4545454545455,3280,952,148.01182748674145
303,157,928.2894736842105,1950,420,112.39850740485642
303,157,660,2058,374,185.0257659076473
303,157,552,666,476,107.7999258165078
303,157,3332.4117647058824,3886,2576,178.6724122408684
303,157,5796,6111,5194,178.4121956936027
303,157,190.64285714285714,252,135,140.03999751227315
303,157,4521.527777777777,5811,3255,165.06979227122304
303,157,243,243,243,0
303,157,3824.75,5310,2511,154.27982356207593
303,157,330.0344827586207,462,198,269.9653418618878
303,157,729.4117647058823,945,612,216.7024872413859
303,157,395.84,672,40,201.07677562880582
303,157,2464.2727272727275,3348,1440,166.73186325582202
303,157,2704.4166666666665,5148,852,195.54541769645368
303,157,82.05882352941177,91,72,1.8213974430631499
303,157,3998,4356,3588,182.41796826102254
303,157,1336.3,5192,572,228.68789073304234
303,157,387,387,387,0
303,157,1979.388888888889,4400,770,228.01945483068508
303,157,1710.4615384615386,4988,420,76.75647621174741
303,157,4159.666666666667,4482,3995,173.98836938332718
303,157,2993.1666666666665,3400,2701,182.63200891818803
303,157,4025,5292,2542,170.83977040258122
303,157,3621.75,3825,3510,176.1804541457613
303,157,4807.705882352941,5244,4158,179.6595941594694
303,157,663,663,663,0
303,157,4053.125,4640,3696,169.20014284299003
303,157,733,1147,330,174.28056240866792
303,157,1708.842105263158,5265,522,219.13798499300538
303,157,592.0714285714286,846,420,118.72863235972711
303,157,4711.055555555556,5320,4300,173.58000193489866
303,157,841,999,735,277.3043574973506
303,157,4003.3,4224,3800,184.60050860052542
303,157,103.5,210,80,99.23514452925723
303,157,401.3673469387755,858,310,158.2046462316734
303,157,469.2692307692308,624,312,131.2793841840723
303,157,333.1363636363636,420,232,74.22646940159588
303,157,974.3170731707318,5460,216,202.99666209095938
303,157,5545.454545454545,6279,5202,178.0932155206125
303,157,4548,5120,4140,171.90746519665674
303,157,3495.5454545454545,3834,3124,183.80048511227733
303,157,4997.333333333333,5695,4320,166.16824543569788
303,157,3905.7916666666665,5244,2929,172.44003597344192
303,157,4315.25,4437,4136,171.52595835915903
303,157,987.8809523809524,3456,250,219.0427830302176
303,157,395.1515151515151,693,290,139.28858551337157
303,157,3639.5,3726,3569,175.0210069064238
303,157,1474.625,4674,99,106.23583351794014
303,157,400.3333333333333,544,300,259.72686572159563
303,157,3481.5714285714284,4200,377,147.0666768155989
303,157,5529.333333333333,5704,5340,186.5338491791462
303,157,447,480,414,157.5
303,157,504,525,490,155.50576154183028
303,157,770.2,864,735,153
303,157,540,552,516,156.14498294097402
303,157,300.15,378,230,248.31301023541565
303,157,322.7857142857143,348,290,129.152150168154
303,157,486.5,726,385,121.22139236350324
303,157,359.95652173913044,578,300,100.47488813299535
303,157,494,494,494,116.56505117707798
303,157,4394.636363636364,4823,4085,171.87152703248572
303,157,735.4736842105264,966,555,79.5963372255922
303,157,291.3,372,260,74.26198649480405
303,157,860.6666666666666,1479,494,87.71954341208833
303,157,720.0416666666666,1440,147,118.59492603317862
303,157,4815.714285714285,4929,4559,174.70621025865577
303,157,460.0416666666667,756,261,211.70428836470398
303,157,486.3333333333333,546,432,152.710034118052
303,157,776.6363636363636,1150,594,214.28206626991388
303,157,578.6129032258065,1008,384,176.34241222396088
303,157,629.3333333333334,688,585,135
303,157,1491.5,1550,1408,166.717474411461
303,157,626.0434782608696,765,481,149.89221391550248
303,157,363,363,363,116.56505117707798
303,157,462.4642857142857,798,261,155.09150590322471
303,157,645.4285714285714,812,516,119.50929302529686
303,157,1182.6666666666667,1287,1080,128.60791025453875
303,157,458.09090909090907,544,336,290.5077117322434
303,157,2672.4285714285716,6174,646,61.84573610388076
303,157,4420.7,4914,4180,176.36203822153942
303,157,780.5714285714286,1824,546,247.65885437431325
303,157,4923,5225,4635,169.58596992716946
303,157,2304.4375,2640,1652,104.54782287615157
303,157,1325,2205,760,118.03445906572821
303,157,2960.235294117647,7313,400,112.44978510954049
303,157,5793,6156,5208,178.94330137568167
303,157,339,740,200,226.53870180506243
303,157,2686.6470588235293,5600,238,116.68868026938728
303,157,5646.642857142857,6370,5022,185.0185862890931
303,157,5320.333333333333,5723,5000,177.45809746350616
303,157,6452.5,7029,5917,174.10347464388298
303,157,4866,5251,4508,174.30184903272084
303,157,1090.0333333333333,6545,350,91.67225687276411
303,157,1131.7916666666667,1620,920,87.02924322522144
303,157,1999.75,5130,390,191.35873720573048
303,157,298.2,330,252,316.7429862817668
303,157,656.1818181818181,848,637,56.41251616290676
303,157,545.2857142857143,1175,396,150.68983091026186
303,157,1189.8181818181818,1457,957,127.38931746256011
303,157,2105.6666666666665,2530,1932,132.4416041519649
303,157,5239.521739130435,6384,4732,131.7065231607741
303,157,1996.5625,2394,1430,160.17350242247588
303,157,2102.037037037037,3026,1180,161.33778251124997
303,157,510,510,510,116.56505117707798
303,157,407.1290322580645,1600,288,222.65902783282797
303,157,331.4782608695652,400,248,194.28408233540895
303,157,555.0833333333334,702,420,137.42771040605314
303,157,6446.125,7140,5670,164.41615324828362
303,157,6840.333333333333,7540,5510,151.6454484035713
303,157,1826.6666666666667,2000,1800,64.44817398397281
303,157,497.72727272727275,660,475,35.14227737973436
303,157,5197,5472,4872,179.51907704808147
303,157,563.0434782608696,1380,84,131.86466893917648
303,157,456.6,558,350,246.3307389471393
303,157,396.8181818181818,455,372,259.8532019142922
303,157,4621.142857142857,4930,4365,167.95865616249992
303,157,1236.44,1681,925,53.872806795205435
303,157,6108.333333333333,6328,5670,180.2532821418702
303,157,5146,5871,4840,178.2643012403932
303,157,3779.2608695652175,4488,2562,94.27714169685213
303,157,500,620,420,324.4164052996458
303,157,4919.571428571428,5280,4641,169.15927396843472
303,157,374.85185185185185,468,312,55.69873096444188
303,157,1167.6666666666667,2760,340,199.51519813521637
303,157,421.75,517,390,165.0741120440596
303,157,965.3478260869565,1530,722,145.0177486146788
303,157,356.25,476,279,157.89595289271546
303,157,203.4,252,198,34.156505117707795
303,157,5879.470588235294,6327,5151,167.0912606579611
303,157,233.33333333333334,266,204,190.53306558563156
303,157,4618.727272727273,5808,4089,170.74330028489078
303,157,5603.75,6390,4845,164.89118909814727
303,157,4249.777777777777,4343,4092,177.13909548233116
303,157,829.2,858,800,144
303,157,5162.75,5734,4692,176.9460702164673
303,157,1241.25,1426,1131,125.53125408722545
303,157,514.875,570,476,290.4107845207162
303,157,325,325,325,270
303,157,5871.4,6156,5665,173.38883543768924
303,157,416,416,416,225
303,157,6047,6384,5500,179.58256342132208
303,157,407.3333333333333,468,280,211.94876842143444
303,157,268.2857142857143,432,220,247.16723620169293
303,157,864.5294117647059,1287,703,80.47390281534163
303,157,590.7,1440,405,150.92591956677208
303,157,2581,4158,1836,103.7058056635958
303,157,114.0909090909091,144,110,22.86955010700709
303,157,280.6666666666667,320,252,90
303,157,489.8181818181818,592,319,74.00591374337073
303,157,4613.5,5152,4048,165.08749747191416
303,157,526.3157894736842,672,407,145.94324875411644
303,157,445.7,624,330,136.3509285151518
303,157,570.7142857142857,1080,308,218.57142857142858
303,157,742.6666666666666,817,608,135.14802442820775
304,78,755.8181818181819,1056,520,127.63387514680876
304,78,581.3333333333334,592,576,93.15410740267521
304,78,1688.6666666666667,1840,1600,314.06219542705696
304,78,742,742,742,201.80140948635182
304,78,1133.2142857142858,1248,946,263.86849824706536
304,78,1052.888888888889,1804,609,222.02438718551667
304,78,675.6666666666666,735,588,165.62189949986006
304,78,733.3333333333334,748,704,258.76997749134006
304,78,108,120,96,149.87244064847113
304,78,523,595,320,135.382432532359
304,78,774,774,774,123.69006752597977
304,78,482.8,518,442,84.68698976458441
304,78,369.2857142857143,416,350,256.46428415724745
304,78,948.2307692307693,1610,825,257.4046311314086
304,78,470.5833333333333,560,405,81.92406440674795
304,78,1467.75,1596,1378,164.0135924341309
304,78,569.7777777777778,612,544,147.85679025307525
304,78,801.1666666666666,817,798,71.34630549115165
304,78,359.38461538461536,616,108,154.25491092184836
304,78,613.4,792,364,158.03777584839722
304,78,306.63013698630135,442,210,126.17342095109545
304,78,422.5,429,416,71.56505117707798
304,78,528.3333333333334,546,481,141.09459192697867
304,78,1192.6666666666667,1504,962,159.27201038837936
304,78,389.2105263157895,592,209,119.14734133663258
304,78,278.35714285714283,378,204,78.35984055683039
304,78,772.6111111111111,946,490,258.952318517271
304,78,65,65,65,0
304,78,133,133,133,0
304,78,992.0434782608696,1612,372,210.54127607699817
304,78,671.5,697,646,157.5
304,78,523.2941176470588,615,456,277.8569020902936
304,78,626,800,572,134.52175868504966
304,78,594,594,594,329.74356283647074
304,78,601,1040,342,170.1987413893001
304,78,1487.076923076923,2112,1054,150.3579864660041
304,78,441.6,722,207,158.15537666373797
304,78,751,918,690,300.24711334374916
304,78,2123.8,2573,1352,133.1565051177078
304,78,500.07142857142856,546,455,266.2920552057839
304,78,630,630,630,56.30993247402023
304,78,705.8571428571429,1276,375,22.933258069358885
304,78,449.7142857142857,484,385,304.09882190276903
304,78,736,736,736,345.96375653207355
304,78,1377,1938,961,147.64315103578545
304,78,1226.9411764705883,1702,783,155.17701039458905
304,78,1991.1666666666667,2304,1325,144.0362457352435
304,78,406.3,444,350,264.10513644845264
304,78,383.55,430,340,266.01524232343843
304,78,448.54545454545456,494,380,314.7024923146809
304,78,195,195,195,90
304,78,598,598,598,90
304,78,568.3846153846154,666,490,215.39161978760683
304,78,628.8888888888889,693,540,219.5350093194313
304,78,575.7272727272727,645,432,243.1333812285898
304,78,3663.9166666666665,4278,2132,97.5
304,78,736.25,925,558,274.2008862938509
304,78,599.5,814,504,315.79495752996604
304,78,438.85714285714283,476,416,323.8351898393508
304,78,923,1045,800,263.18603841758744
304,78,714.2727272727273,783,702,32.72727272727273
304,78,1215,1215,1215,123.69006752597977
304,78,171,171,171,0
304,78,187,187,187,0
304,78,594.1428571428571,765,525,197.67000964656856
304,78,426,432,414,230.08503956768593
304,78,447.8,504,375,205.88824842791618
304,78,289,289,289,25.704465749545545
304,78,666.5294117647059,748,580,58.14662142595441
304,78,588.0434782608696,688,480,277.7524318998982
304,78,559.24,900,444,256.35856696425174
304,78,628.6585365853658,1144,480,158.34562304800843
304,78,966,966,966,14.036243467926454
304,78,160,160,160,45
304,78,203,240,182,52.04561483434896
304,78,739.5,748,731,152.91882647713916
304,78,582,624,540,149.76939112977908
304,78,731,748,697,145.44289762260138
401,14,243.25,378,126,132.9956225489126
401,14,85.46153846153847,96,84,46.07971103599435
401,14,305.93333333333334,450,198,72
401,14,63,104,54,46.859818068729844
401,14,72.2,98,65,68.4625248156124
401,14,158.9047619047619,231,102,96.91927840327457
401,14,357,357,357,0
401,14,129,154,102,155.467474411461
401,14,228.66666666666666,432,140,85.16502598151942
401,14,1138.8,1333,930,158.3130102354156
401,14,179.9655172413793,375,90,113.08952443585346
401,14,196.6,238,192,30.553767779197436
401,14,72,72,72,10.903344706017334
401,14,131.67391304347825,450,28,91.50662063621601
402,74,990.7,1968,140,162.0548248731144
402,74,545.6071428571429,729,432,113.18104262633388
402,74,142.75,162,133,117.4480273734141
402,74,50,50,50,20
402,74,1722.25,2346,1496,168.4414852607714
402,74,1774.25,1908,1551,183.50906086698163
402,74,1751.235294117647,2679,780,167.17753657258606
402,74,237.33333333333334,325,156,245.90334470601732
402,74,1644.1,2555,520,185.3130102354156
402,74,144.1818181818182,162,128,51.505913743370726
402,74,2072.28125,2214,1334,39.375
402,74,169.56521739130434,403,91,208.5026071813836
402,74,404.6296296296296,990,126,115.12798568738934
402,74,249.17857142857142,615,91,117.4174917972554
402,74,1782,1782,1782,185.19442890773482
402,74,868,900,836,148.282525588539
402,74,501.6,812,352,181.32949230544642
402,74,205.2,342,132,95.71058771554848
402,74,471.5833333333333,864,336,105.08092093092093
402,74,382.7542372881356,950,90,141.9357592827307
402,74,737.875,924,598,100.94756134791797
402,74,724.8045977011494,1344,285,147.9675842542513
402,74,1852.2857142857142,2050,1734,138.34074586531625
402,74,391.3125,506,340,87.75150258319817
402,74,261,261,261,270
402,74,330,330,330,283.282525588539
402,74,305.3333333333333,350,248,130.98501415667798
402,74,271.97777777777776,546,105,138.10957341645496
402,74,352.468085106383,666,230,150.7113818898494
402,74,952.2095238095238,2255,105,146.36344443863098
402,74,216,216,216,0
402,74,337.95454545454544,450,200,83.79136749727581
402,74,419,728,230,125.99370382385223
402,74,183.07142857142858,483,75,104.4503864418186
402,74,594.6363636363636,840,390,123.02656917941927
402,74,344.8,532,140,54
402,74,1003.560975609756,2058,256,144.3554757704221
402,74,828.5,840,817,130.93494882292202
402,74,652.968253968254,1260,340,158.2788103361441
402,74,604.5822784810126,1452,135,140.95128793714193
402,74,1820,1820,1820,167.47119229084842
402,74,236,288,189,147.53810580859576
402,74,135.76923076923077,170,117,60.264226832532465
402,74,505.65625,1530,260,133.3177232140341
402,74,126,126,126,0
402,74,2006.6052631578948,3074,513,114.16934075849794
402,74,300.9375,682,117,114.36555168487588
402,74,479.3658536585366,729,192,135.25883129626212
402,74,341.0833333333333,612,250,71.03148763279977
402,74,407.5581395348837,891,121,50.94209854432826
402,74,390,390,390,333.434948822922
402,74,419.5,580,351,133.81057455641675
402,74,420.5263157894737,990,209,180.0791785748257
402,74,2247.0243902439024,2600,1326,77.5436917602679
402,74,295.25,378,247,174.1450963616858
402,74,667,667,667,0
402,74,304,304,304,0
402,74,666.4444444444445,704,627,34.09665529398267
402,74,421.4,468,407,137.26198649480403
402,74,181,228,130,225.4149254869999
402,74,236.4375,255,224,56.25
402,74,714.6666666666666,896,520,188.44872531398224
402,74,1210,1632,780,172.38878194069414
402,74,804.3636363636364,1599,231,139.57998914903712
402,74,364.9864864864865,725,216,156.55394056361447
402,74,405.85714285714283,504,360,184.24926875670604
402,74,189,220,165,193.01580017652
402,74,1062.7058823529412,1978,187,163.54404005741173
402,74,448.3333333333333,600,391,190.64483324251023
402,74,276.7647058823529,882,140,190.67842604415077
402,74,831.9855072463768,2450,273,93.20136844633858
402,74,365.8333333333333,425,322,197.33937391132108
402,74,389,475,315,165.57153618111153
402,74,322,322,322,168.69006752597977
403,132,4941.636363636364,8383,987,178.46863329427364
403,132,3609.266666666667,5340,1728,186.13895788919348
403,132,1376.9375,2320,805,297.341949518178
403,132,1885.625,2350,1715,122.7337372057305
403,132,1979.5,2160,1890,193.03125408722545
403,132,2108,2250,1911,177.16000386979738
403,132,1770.5454545454545,2520,840,169.30432516051061
403,132,160,160,160,0
403,132,317.5,486,221,264.44435618142415
403,132,5510.555555555556,6336,3942,173.49897996795394
403,132,182.375,204,168,180.4777215969836
403,132,2721.076923076923,3408,2448,178.19241802492675
403,132,2342.904761904762,5166,221,125.74551470400691
403,132,311.64285714285717,666,160,256.24600418072714
403,132,402,663,243,268.8094807922084
403,132,1170.875,2666,720,274.0074139314348
403,132,453.6,860,70,257.02722124843433
403,132,1865.2727272727273,3024,988,199.60398663711274
403,132,3918.5,5301,405,195.98585501633008
403,132,28,28,28,206.56505117707798
403,132,985.8148148148148,2964,280,222.4030468404209
403,132,1286.6666666666667,5544,725,270.7153017900095
403,132,347.3333333333333,528,253,207.5
403,132,3664.6666666666665,4186,2898,180.23871998182346
403,132,4320,4620,3900,181.73147630257827
403,132,726.9285714285714,4389,130,60.99588002298736
403,132,2227.5,2415,2040,181.7881671874987
403,132,3813.8571428571427,5472,2176,160.12964305646256
403,132,2647.777777777778,3344,1813,189.7709556115698
403,132,3901.133333333333,5278,240,95.04942136089745
403,132,2228.9285714285716,3212,1100,113.51591957224943
403,132,2624.076923076923,4307,925,170.582541387037
403,132,4467,5168,3410,176.92041724499464
403,132,4147.444444444444,5104,2703,160.12629687528877
403,132,1484.8,2196,756,282.88800696563527
403,132,4462.164948453608,4845,1720,80.44778297755589
403,132,4415.333333333333,4880,3840,181.73147630257827
403,132,5611.090909090909,7120,3220,180.33921790901456
403,132,4742.888888888889,5256,3618,172.74236271599023
403,132,3897.076923076923,4288,2684,189.4208609454499
403,132,3599.266666666667,5616,1150,171.08881465692463
403,132,3995,5280,1932,186.9375011677787
403,132,4379.25,4760,3808,177.60357741194477
403,132,1288.25,2016,840,316.5850479364775
403,132,5696.2,5925,5390,177.71576274500012
403,132,3767,4004,3498,169.77140419499372
403,132,4611.5,4680,4543,166.717474411461
403,132,1098.3333333333333,1802,525,191.95493721352992
403,132,1630.4761904761904,4731,275,261.87120636600713
403,132,7056,7056,7056,171.0273733851036
403,132,1146,1550,837,169.6406270436127
403,132,2079.75,4116,624,254.15461275579958
403,132,1063.952380952381,1560,396,173.30756167723618
403,132,1453.4761904761904,2772,640,280.6508466736253
403,132,3089.24,3854,1870,166.13376792836894
403,132,1629,2332,726,122.88395706216804
403,132,410.65,1275,216,235.72527165502044
403,132,2250.7419354838707,5100,627,154.4980656396186
403,132,1772.0263157894738,4840,280,193.9201886048341
403,132,1096.4444444444443,1512,688,128.40227690417714
403,132,995.4285714285714,1504,703,302.8277648203834
403,132,978.5333333333333,1664,540,248.23323131430152
403,132,659.1052631578947,1260,330,209.9518693894722
403,132,639.2857142857143,828,363,131.66392307531893
403,132,1195.5555555555557,1430,960,137.95167235300866
403,132,646.8571428571429,782,407,131.2312577784792
403,132,132,132,132,0
403,132,1994.5,4914,377,206.26704471141355
403,132,2302.9056603773583,5133,450,140.4936086757892
403,132,3770.3571428571427,5456,1518,185.1198854139869
403,132,705.75,1190,434,144.73423099893938
403,132,2042.1904761904761,3192,646,133.01306559642813
403,132,890,1008,819,120.90334470601732
403,132,5361.111111111111,7056,2880,181.47116887946524
403,132,5307,5394,5220,182.04280838998744
403,132,4537.666666666667,5605,3016,183.0492098141603
403,132,4820.111111111111,5751,3366,202.54040230914592
403,132,4265,4720,3640,184.9650677460179
403,132,5980.333333333333,6570,5467,181.46623511833184
403,132,4470,5246,3717,183.2520409416624
403,132,4051.2608695652175,9215,1159,198.55294103419612
403,132,1945.5384615384614,2747,1104,101.31888154712662
403,132,3696.2727272727275,4648,3036,306.7167263280539
403,132,1916.03125,3072,300,177.86296184196206
403,132,2190.090909090909,2652,756,131.893066433056
403,132,727.1428571428571,817,645,134.01158324121175
403,132,1732.4,1855,1568,117.54526219878126
403,132,3911,6136,2312,164.5113437330672
403,132,1294.5,1440,1276,53.293940281787705
403,132,510.04347826086956,672,375,134.58087239257694
403,132,905.7777777777778,1368,585,120.29509409665344
403,132,3874,5772,2760,105.69854905096766
403,132,3966.25,6461,968,177.59986111851208
403,132,2055.6363636363635,4032,774,122.07954396828164
403,132,1914.625,2754,684,141.03223436324106
403,132,673.9090909090909,810,570,130.50920860409133
403,132,2806.266666666667,4661,984,97.37497721127846
403,132,4495.2,5063,3705,185.59596076066123
403,132,1325.3125,3250,390,264.7009914947441
403,132,573.5862068965517,882,490,209.9615361378152
403,132,4157.5,4350,3965,180.33901245537564
403,132,2609.8260869565215,3276,2048,127.25074689996943
403,132,1119.6666666666667,2088,468,106.31643886160191
403,132,1616.14,4898,665,89.24701154965962
403,132,418,418,418,180
403,132,550,840,396,136.64236614536938
403,132,2155.1666666666665,3024,1914,297.5087577752899
403,132,1132.093023255814,2204,893,129.80427468769446
403,132,4400.1,5488,2450,181.13099324740202
403,132,254.23076923076923,270,224,172.04835907923905
403,132,4821.125,5508,4288,191.98826763922133
403,132,4358.428571428572,5112,3630,169.6937461796163
403,132,3016.8214285714284,3916,1872,134.4052750096302
403,132,1413.642857142857,2052,920,129.15215016815398
403,132,4880.75,5355,4536,174.0664876251968
403,132,990,1540,648,253.2723589620092
403,132,2442.6363636363635,3168,1802,128.3088743751002
403,132,192,192,192,0
403,132,290.3333333333333,319,252,238.85501705902595
403,132,547.96,936,243,215.20230461673214
403,132,4990.333333333333,5940,3770,177.33886151515108
403,132,292.030303030303,418,221,114.523887508908
403,132,866.6875,1196,374,279.2730584445057
403,132,285.4,345,228,213.46260204708312
403,132,4976.2,5841,3876,180
403,132,2355.9523809523807,3510,980,254.50929302529684
403,132,395.4310344827586,999,210,122.17638216380941
403,132,284.5,574,124,235.67826293746612
403,132,788.0555555555555,1215,551,117.25562748027804
403,132,3955,4446,2808,106.47116887946524
403,132,270,270,270,15
403,132,3503.3,4740,1584,188.91574757392596
404,102,1815.107142857143,2520,1170,230.84294220978205
404,102,2142.6190476190477,3328,1496,201.11449962337767
404,102,142.4,182,138,27
404,102,962.9487179487179,2800,540,258.4956190271749
404,102,639.6428571428571,779,510,290.1806291220823
404,102,1845.4615384615386,2166,1680,303.87057049151633
404,102,903.0526315789474,1508,646,252.2076886536747
404,102,1250,1360,1140,296.565051177078
404,102,1686.8636363636363,1947,1620,115.13777988466691
404,102,1118.1176470588234,1216,957,306.73808105954043
404,102,1939.857142857143,2201,1740,230.89551471440566
404,102,1290.4,1428,1225,101.89405882001317
404,102,1800.45,2709,855,147.90424264643676
404,102,1243.2,1248,1240,311.1119930343648
404,102,1765.5,1776,1755,323.5513644845262
404,102,541.9473684210526,920,266,150.94340586404246
404,102,2673.090909090909,3060,2028,296.43051945557187
404,102,163.625,231,108,149.2478775556242
404,102,254.88888888888889,418,98,145.11167622280604
404,102,557.7368421052631,903,306,155.15896235376226
404,102,2130.6666666666665,2294,2013,291.4935900264772
404,102,689.875,966,620,140.3114986232558
404,102,515.0625,578,450,157.66135225377738
404,102,970,1085,754,155.72992429762445
404,102,3246.6363636363635,3510,3116,298.6923709882247
404,102,1373,1815,960,179.29422091033018
404,102,2751.7083333333335,3082,2240,181.5592276885475
404,102,2911.1666666666665,3337,1952,221.09344755063782
404,102,531,540,522,315.3451385989325
404,102,1930.3846153846155,2322,1026,147.74999748478433
404,102,626.40625,987,544,160.52593397934498
404,102,515.5,782,400,155.4995189774169
404,102,1300.142857142857,1914,1000,121.33678509218346
404,102,966,1560,720,284.6929874801087
404,102,1304.75,1485,1029,158.94819912375803
404,102,1296.3,1560,1176,251.23984956831106
404,102,1227.5,2016,480,220.16474770046753
404,102,827.1111111111111,1050,656,219.21725551368453
404,102,648,684,612,153.43494882292202
404,102,616,810,187,133.78285880134177
404,102,570.0909090909091,660,558,90.30408076893701
404,102,690,736,672,316.8835610199365
404,102,1062.5333333333333,2040,560,158.45043686847373
404,102,970.8571428571429,1150,864,139.03392079116674
404,102,657,666,648,294.6655271342892
404,102,1452.7272727272727,1584,1230,126.69116536115486
404,102,2121.875,2546,1625,142.92936860286525
404,102,952.875,1125,475,144.78842368392412
404,102,456,456,456,36.25665916378003
404,102,645,645,645,296.565051177078
404,102,6381.875,9024,3724,158.6521843014326
404,102,1887.0833333333333,2304,1518,145.06286617329656
404,102,2984.470588235294,3366,2706,226.17917171059386
404,102,2558,2730,2457,245.82962706734185
404,102,444,444,444,325.7683629120383
404,102,1765,1792,1736,300
404,102,674.3076923076923,736,630,334.91330566333676
404,102,849.4285714285714,945,740,142.6364918880415
404,102,1609.7857142857142,2378,1156,154.87946866209307
404,102,722.5,840,621,160.472164509907
404,102,1681.8461538461538,3053,912,151.36038319390198
404,102,1032.4,2795,450,144.8797410709991
404,102,729,858,600,169.31113585905163
404,102,1260,1281,1239,162.08117352286087
404,102,612,612,612,22.048327646991336
404,102,652.8333333333334,735,608,138.60246315713104
404,102,3625.7391304347825,6308,560,138.92380087341624
404,102,955.6842105263158,1870,368,113.30651712694488
404,102,168,168,168,0
404,102,306,306,306,161.56505117707798
404,102,627.25,672,574,302.8347310581483
404,102,1535.35,2666,780,250.45994026062203
404,102,1313.5555555555557,2376,598,106.31247580306012
404,102,2528.9411764705883,3300,1326,161.0373678679422
404,102,1598.5454545454545,1848,1100,157.51089681345823
404,102,430.5,483,400,83.68750272481697
404,102,776,816,736,305.782525588539
404,102,1003.2,1410,700,142.45310920670653
404,102,2042.5,2312,1952,324.841568323117
404,102,1625.3666666666666,2146,1056,125.44837449226813
404,102,264,264,264,0
404,102,120,120,120,0
404,102,1699.642857142857,2420,1120,139.67520078756593
404,102,1341.2530120481927,2040,792,147.4168830680121
404,102,2048.1,3234,1032,148.5213789229877
404,102,617.1111111111111,672,560,299.56164597455137
404,102,380.60869565217394,420,300,130.09418894878618
404,102,644.6190476190476,1025,414,205.96926543973686
404,102,320.1666666666667,364,286,173.85501705902598
404,102,1062.1153846153845,1350,920,229.1797953353463
404,102,498.6666666666667,594,418,250.572491470487
404,102,462,462,462,345.96375653207355
404,102,2616.4285714285716,3300,1620,254.1323257336645
404,102,208,208,208,93.23069798108858
404,102,752.8125,1296,468,187.92936860286525
404,102,993.8461538461538,1334,540,107.93308479647354
404,102,2183.909090909091,3922,840,73.69691908426681
404,102,119,156,108,64.4305612206649
404,102,567.625,836,312,153.4678246173786
404,102,473.5,544,425,146.02869312776264
404,102,657.4444444444445,903,377,136.9421199937159
404,102,1208.1333333333334,1472,896,139.58924934554477