21.97265625	40.925925925925924	22.79832302524755	27
21.97265625	28	4.562694578665311	23
21.97265625	23.23076923076923	6.106345010946608	39
21.97265625	40.592592592592595	14.597837719911336	27
21.97265625	25.6	20.398879521049324	15
21.97265625	61.5	64.23005527009921	6
21.97265625	48.270270270270274	55.37480807523731	37
21.97265625	108	0	11
21.97265625	22.941176470588236	22.83766239196586	17
21.97265625	149.66666666666666	22.5905584998099	3
21.97265625	55.285714285714285	41.64211731007364	14
21.97265625	43.09090909090909	61.301638714563815	11
21.97265625	51.63636363636363	47.87749518776589	11
87.890625	242	0	11
87.890625	148.09677419354838	68.1064041372436	62
5.4931640625	9	0	7
21.97265625	23.88888888888889	19.76388400874462	9
21.97265625	85	41.066224352972796	24
21.97265625	33.064516129032256	65.3844708800038	31
21.97265625	72	0	11
5.4931640625	12.75	1.3887301496588271	8
21.97265625	25.333333333333332	3.2659863237109037	6
5.4931640625	18	0	9
87.890625	103.79251700680273	72.12537301025422	294
87.890625	323.89130434782606	328.36938741206075	46
87.890625	118.67375886524823	124.01028162753865	141
87.890625	230.73846153846154	137.58262028267288	65
21.97265625	24.074074074074073	7.4726471775707335	27
21.97265625	34.76923076923077	4.437601569801833	13
21.97265625	58.85	17.02096230812867	20
21.97265625	22.80952380952381	18.97793204650877	21
87.890625	55.77142857142857	103.20166994331548	70
21.97265625	48	0	11
21.97265625	60	0	4
5.4931640625	9	0	11
87.890625	107.04545454545455	76.35722891073515	22
87.890625	119.8	22.280035906613794	10
21.97265625	89	30.56141357987225	4
21.97265625	30.736842105263158	41.07018667985487	19
87.890625	108.33727810650888	171.27522016493563	169
21.97265625	32.82	34.72027579124924	50
21.97265625	47.3235294117647	42.76200564238907	34
87.890625	153.3918128654971	171.9429239865576	171
87.890625	61.80392156862745	57.650678957959585	51
87.890625	154.51196172248802	145.31501292443696	209
87.890625	461.7608695652174	412.52534924306883	46
87.890625	92.90625	81.86022466118052	96
87.890625	135.8505747126437	104.42294265833075	174
87.890625	58	72.26686654338903	13
87.890625	201.46570397111913	247.2015029457776	277
87.890625	336.76056338028167	313.539355688233	71
351.5625	455.32124352331607	404.7687285520903	579
351.5625	296.8241356382979	272.6710603259158	3008
87.890625	126	0	11
21.97265625	32	0	5
87.890625	93.9090909090909	79.89034692919748	22
87.890625	363.2641509433962	323.8177996095595	53
87.890625	101.64179104477611	99.17961995755667	67
5.4931640625	20	0	12
87.890625	104.81308411214954	157.26825603246468	107
87.890625	264.78055555555557	180.223226361157	360
87.890625	105.04838709677419	144.65203329044778	62
87.890625	274.9706601466993	169.99660930818226	409
21.97265625	50	0	11
87.890625	257.85798816568047	151.44106569640135	169
87.890625	107.92857142857143	139.7385001782106	42
351.5625	310.0900621118012	263.1764885731452	322
351.5625	316.97363974315647	284.03230250345865	2959
351.5625	267.1815384615385	224.61713852103742	325
351.5625	645.3350694444445	522.238799836772	576
21.97265625	28	0	8
351.5625	411.52403846153845	436.8412293519509	416
351.5625	1151.8073022312374	621.9508363796915	493
351.5625	678.6796875	610.3889160817815	128
351.5625	1184.871794871795	957.1698407724316	507
351.5625	471.97009482129835	338.36372233748415	1371
5.4931640625	6	0	12
21.97265625	105	0	10
5.4931640625	9	0	10
5.4931640625	18	0	11
21.97265625	73.2	8.792854241614933	15
21.97265625	21.25	12.77714049186813	48
5.4931640625	18.608695652173914	2.553769592276245	23
21.97265625	45	0	11
21.97265625	33.4	17.891737917661487	15
21.97265625	45	0	11
351.5625	343.36948444031583	351.0880546277052	4306
351.5625	172.83863080684597	391.45559607710493	409
21.97265625	13.833333333333334	20.20725942163689	12
5.4931640625	12	0	4
87.890625	147.53225806451613	201.27411516179077	62
21.97265625	34.57142857142857	12.895181824453438	7
21.97265625	59.27272727272727	30.881003280922776	22
21.97265625	34.620253164556964	17.604125243138657	79
351.5625	509.61620111731844	595.5469151872311	1790
351.5625	305.6021711366539	489.71809080880394	3132
351.5625	1121.700879765396	1251.5914357443633	341
351.5625	424.1132798884629	603.8449201999969	2869
87.890625	183.14814814814815	569.1846338837132	54
87.890625	251.68	649.0973681454376	25
87.890625	113.8409090909091	110.94036595916893	44
87.890625	101.49230769230769	97.54504137142929	65
351.5625	306.1745152354571	904.3259767570604	361
351.5625	447.3850607990735	772.5495618861124	1727
351.5625	1100.58	1805.2969577646456	50
5.4931640625	15	0	11
1406.25	1329.7614068441064	923.7451606890301	1052
21.97265625	72	0	11
87.890625	164.04347826086956	86.30678803013733	23
351.5625	254.2622950819672	311.9116690833985	122
1406.25	846.6315014720315	1267.6358073738288	2038
1406.25	1745.620938628159	1851.8760821418985	831
351.5625	426.8355927314681	832.0402822236911	3467
351.5625	244.0777972027972	463.998825378684	1144
351.5625	866.3278145695364	1027.027341434592	1208
351.5625	511.03837239248	644.7147153702726	3883
1406.25	971.0557823129252	1037.500960920072	2940
351.5625	659.4160305343512	688.4371374031401	262
351.5625	334.72787905735885	519.2554087113328	2249
351.5625	1222.7446808510638	1684.3657428291997	94
351.5625	579.5985401459855	647.9810970661765	548
5.4931640625	8	0	11
351.5625	294.91752577319585	209.49769639262013	97
21.97265625	44.333333333333336	10.692676621563628	3
87.890625	118.25	17.279125609190466	12
87.890625	106	31.728010758108784	19
351.5625	1045.4219178082192	326.91770238650963	365
1406.25	977.644701986755	1591.546625893568	3020
87.890625	121.85283018867925	31.095847694726505	265
351.5625	489.9170731707317	374.21784504659183	410
87.890625	130	0	5
351.5625	493.25787401574803	495.044849279172	508
351.5625	992.1911764705883	1022.2273880347267	476
351.5625	334.78464818763325	739.9122077734804	1407
351.5625	454.4734513274336	947.4051768585578	452
351.5625	1452.235294117647	1916.9888474162356	102
1406.25	3167.1941087613295	2868.6215879584242	1324
1406.25	1174.671568627451	1446.0459465669774	408
1406.25	5151.35041979673	3541.0357502292786	2263
1406.25	2155.4119496855346	2655.192041653815	636
5.4931640625	6	0	6
351.5625	376.93055555555554	695.6620380370659	72
21.97265625	84	0	11
21.97265625	27	0	11
5.4931640625	16	0	10
21.97265625	20.608695652173914	24.017103406502777	46
21.97265625	107.25	93.15712533134543	4
87.890625	158.875	427.2418429780776	24
21.97265625	57.6	7.58946638440411	10
5.4931640625	21	0	9
5.4931640625	20	0	11
87.890625	86.91304347826087	55.480474078296844	23
87.890625	62.40384615384615	75.18167789295072	52
351.5625	203.3548387096774	414.07988851616415	372
5.4931640625	15	0	11
21.97265625	28.727272727272727	10.743285429429019	11
21.97265625	47.76470588235294	22.83508652207362	17
21.97265625	52.9	43.564639075490774	10
21.97265625	28	0	9
5.4931640625	10.666666666666666	2.3094010767585034	3
21.97265625	79.84615384615384	36.653435841328154	13
5.4931640625	20	0	11
5.4931640625	16	0	3
5.4931640625	16	0	11
351.5625	270.46276819520403	350.75742296093904	2377
87.890625	212.125	259.84854792194403	8
21.97265625	70	0	11
5.4931640625	20.25	2.598076211353316	12
87.890625	91.81720430107526	137.9606864477797	93
21.97265625	37	28.583211855912904	3
21.97265625	22.571428571428573	6.173320833221785	14
351.5625	361.8952802359882	451.08605968325486	4068
351.5625	249.51024454725712	433.89136085348196	1513
5.4931640625	17	4.58257569495584	3
21.97265625	24.060606060606062	15.656347342889791	33
21.97265625	22.333333333333332	5.686240703077327	3
21.97265625	28	2.7667982242644844	30
21.97265625	26.75	6.584614100852293	8
21.97265625	38.1	16.27850285414521	30
21.97265625	84.92307692307692	18.30510647543256	13
21.97265625	27.571428571428573	5.652643713553947	7
87.890625	86.6	78.40121172532986	25
5.4931640625	6	0	11
87.890625	79.65	69.81424602019575	20
87.890625	148.25714285714287	96.64408410035577	35
87.890625	215.96153846153845	136.2070168268906	52
87.890625	333.349593495935	85.77859258902946	123
87.890625	92.86666666666666	77.51832099633022	75
21.97265625	134	28.332442053717728	12
21.97265625	69	35.077465293669256	15
21.97265625	27	0	5
21.97265625	43.55555555555556	35.715898376288905	36
87.890625	185.504	96.39348324914515	125
87.890625	134.88976377952756	91.8299176917691	127
21.97265625	36.77777777777778	56.333333333333336	9
5.4931640625	12	0	11
87.890625	76.73684210526316	95.78855551902355	57
87.890625	92	32.286219970755326	16
87.890625	160	7.176350047203662	5
87.890625	121.66666666666667	31.88521078284832	6
351.5625	370.4352256186317	586.3962227307018	1374
351.5625	370.03249691484984	429.6881098925358	2431
351.5625	857.1224489795918	702.0902375611157	294
351.5625	420.18694516971277	1093.26883883012	1915
351.5625	235.08026755852842	338.4425532546113	897
87.890625	79	88.84558774378422	14
21.97265625	37.666666666666664	51.730238196432566	39
21.97265625	64.76923076923077	83.68408236352744	13
21.97265625	18.3125	23.2342240384022	16
21.97265625	61.54545454545455	24.66318566756386	11
87.890625	96.16666666666667	50.10954666195521	6
351.5625	313.0415094339623	400.2694036606403	1590
351.5625	242.66120218579235	292.675560111293	183
1406.25	2070.5005219206682	2504.738021249124	1916
351.5625	409.66502260583644	1011.3067399981668	2433
351.5625	261.4642857142857	375.53061285374497	1428
351.5625	491.2044776119403	1629.839914792705	1340
351.5625	486.0591133004926	777.7367063098529	1218
21.97265625	100.4	72.39104335409692	20
21.97265625	37.25	18.714967272212903	4
21.97265625	18.970588235294116	15.731622841247226	34
21.97265625	79	91.90484209224235	9
21.97265625	42.333333333333336	23.346662859318172	6
5.4931640625	17.142857142857142	5.669467095138408	7
21.97265625	31.2	56.34891303299471	5
87.890625	81.25490196078431	81.5894216518918	51
5.4931640625	9	0	7
87.890625	110.25	82.17011969949034	8
21.97265625	23.076923076923077	2.5645512427953303	13
21.97265625	31.666666666666668	20.840665376454115	3
21.97265625	44.75	12.82575533838066	8
21.97265625	28	10.940397967729862	14
21.97265625	30	0	11
21.97265625	27	3.8297084310253524	4
21.97265625	70.11111111111111	20.666666666666668	9
5.4931640625	15	7.3484692283495345	6
21.97265625	64.4375	78.19886508127851	16
21.97265625	47.4	16.546903033498445	5
21.97265625	26.555555555555557	21.137118483316918	9
5.4931640625	20	0	6
21.97265625	23.1	8.786985325531795	10
21.97265625	72.66666666666667	48.387326164330815	3
21.97265625	65.46428571428571	56.2155126493912	28
21.97265625	41.63636363636363	19.328107966786547	22
21.97265625	28.555555555555557	17.966017304282488	9
21.97265625	36.4	24.309903919419934	15
21.97265625	31.19047619047619	27.67162683101644	42
21.97265625	27.03448275862069	22.670753277895113	29
21.97265625	27.727272727272727	19.261832254959078	11
21.97265625	19.46153846153846	7.68495032765089	26
21.97265625	34.705882352941174	41.81770663529141	17
21.97265625	24.833333333333332	5.6702306083187795	12
21.97265625	30.208333333333332	27.992202589240833	24
87.890625	81.35820895522389	51.59242999808393	67
21.97265625	45	0	12
5.4931640625	15	0	11
5.4931640625	15	0	11
21.97265625	20.545454545454547	12.38841100677271	11
21.97265625	30.227272727272727	15.949120943627547	22
5.4931640625	20	0	11
21.97265625	24	0	11
21.97265625	44	0	4
87.890625	213.68421052631578	371.66332521722137	38
21.97265625	18.666666666666668	9.237604307034012	12
5.4931640625	12	0	3
21.97265625	59	81.04319835741924	6
21.97265625	27.181818181818183	8.518429219265508	11
21.97265625	24.5	2.949576240750525	6
21.97265625	58.833333333333336	96.87397311283699	6
87.890625	76.59756097560975	34.88140746257683	82
21.97265625	27.615384615384617	5.252593986759645	13
21.97265625	23.571428571428573	2.699206232527312	7
21.97265625	27.6	7.669978580711384	15
21.97265625	93.21428571428571	45.20751906729433	14
21.97265625	36.09090909090909	10.358132509816095	11
351.5625	281.53782894736844	370.91144502335703	608
21.97265625	45	30.513782280977708	12
21.97265625	28.8	9.391485505499118	5
21.97265625	24	0	8
21.97265625	30.333333333333332	8.504900548115382	3
87.890625	278.6	435.5223136812689	15
21.97265625	46.095238095238095	43.068187299432545	42
21.97265625	24.833333333333332	10.794218430027787	12
21.97265625	63.32203389830509	47.8548238039717	59
21.97265625	31.47222222222222	26.44507635632884	36
87.890625	108.55555555555556	66.43459607430118	18
87.890625	69.37241379310345	59.18919111482762	145
21.97265625	66.125	47.2695537770954	8
21.97265625	119	66.24198064671678	5
21.97265625	55.869565217391305	29.900295449780923	23
21.97265625	35.77777777777778	40.04637834187574	18
87.890625	97.3695652173913	72.78838695397997	46
21.97265625	53.5	18.93535368160888	22
87.890625	69.21052631578948	51.332877646644555	19
5.4931640625	21	0	11
21.97265625	24	0	7
21.97265625	37.833333333333336	21.35805858842668	6
21.97265625	56.31818181818182	38.78927977042401	22
21.97265625	59	17.349351572897472	5
21.97265625	63.857142857142854	44.633427575561086	7
87.890625	81.93406593406593	52.538832664315414	91
21.97265625	24.571428571428573	4.961758520831865	7
87.890625	74.21621621621621	52.71365790504136	37
87.890625	83.23529411764706	53.311582017265266	34
5.4931640625	12	0	3
21.97265625	55.82608695652174	42.90332915024092	23
21.97265625	49.945945945945944	28.996116546440742	37
21.97265625	43.85	30.805459188096414	20
21.97265625	83.53846153846153	44.3920990891224	26
21.97265625	85	32.984845004941285	5
21.97265625	56	0	3
21.97265625	63	12.767145334803704	3
21.97265625	27	0	11
87.890625	169	0	11
21.97265625	45.69230769230769	2.496150883013532	13
5.4931640625	12	0	4
5.4931640625	15	0	8
21.97265625	36	0	11
21.97265625	30.8	40.267991148195016	10
21.97265625	35.6	34.88266044899672	5
21.97265625	36	0	11
21.97265625	30.75	17.346949779908474	4
21.97265625	24	0	13
21.97265625	32	0	7
21.97265625	52.5	18.788294228055936	4
21.97265625	51.55555555555556	3.7118429085533484	9
21.97265625	27.818181818181817	15.10508644012461	11
21.97265625	32.166666666666664	9.43221430347438	6
5.4931640625	15	0	3
21.97265625	61.5	41.07919181288746	6
21.97265625	34	31.843366656181317	6
21.97265625	25.5	17.517338349679235	8
5.4931640625	14	0	3
21.97265625	32.666666666666664	20.207259421636902	3
21.97265625	30.666666666666668	22.143471573656495	3
21.97265625	66	0	5
21.97265625	36.666666666666664	34.37659087227819	9
21.97265625	32.7	20.149717395316273	10
21.97265625	33.666666666666664	19.583156027566137	9
21.97265625	18.970588235294116	18.747905408851715	34
21.97265625	38.63157894736842	8.367998076772334	19
21.97265625	30	7.262919523166975	9
21.97265625	31.583333333333332	14.993685539606533	12
21.97265625	40.8	29.312113536898018	5
21.97265625	41	3.4641016151377544	12
21.97265625	24.666666666666668	9.476788686550092	15
21.97265625	19.77777777777778	5.24186266350107	18
5.4931640625	12	0	10
5.4931640625	18	0	3
5.4931640625	15	0	11
21.97265625	28.285714285714285	16.64045557984402	7
5.4931640625	21	0	5
21.97265625	21	3	3
87.890625	85.56521739130434	79.00641788168959	69
5.4931640625	6.230769230769231	0.8320502943378436	13
5.4931640625	12	0	3
5.4931640625	12	0	12
21.97265625	57.81818181818182	37.04812594941391	11
21.97265625	53	73.63762625180146	9
21.97265625	74	3.4641016151377544	3
21.97265625	76.15	18.74559597401621	20
21.97265625	41.78947368421053	34.79236657558415	19
87.890625	93.35714285714286	43.75454624905071	28
87.890625	113.43333333333334	41.60875515738397	30
21.97265625	56	0	11
21.97265625	60	0	11
21.97265625	62.53846153846154	1.126601424298216	13
21.97265625	50.666666666666664	2.309401076758503	3
21.97265625	44.90909090909091	8.360078294544202	11
21.97265625	82.88888888888889	42.89369745132438	18
21.97265625	19	8.48528137423857	9
21.97265625	60.5	10.05698051817031	8
21.97265625	20.294117647058822	16.709894919935742	17
21.97265625	76.77777777777777	38.21080160736129	18
21.97265625	83.75	46.45648012338586	12
21.97265625	29.136363636363637	30.008404306199434	22
21.97265625	23.363636363636363	6.201172909582949	11
21.97265625	51	36.823905279043935	4
21.97265625	26.875	3.8706773124535787	8
21.97265625	24	4.898979485566356	4
21.97265625	49.2	73.28847112609186	5
5.4931640625	16.25	4.330127018922194	12
351.5625	320.8	949.815280286997	10
351.5625	804.8571428571429	1542.9395948664335	14
351.5625	573.8888888888889	555.1345432515536	9
351.5625	690	357.50524471677335	13
351.5625	430.5496688741722	194.4060591902669	151
21.97265625	40	0	11
5.4931640625	16	0	11
21.97265625	41.25	4.112987559751022	4
21.97265625	26.25	7.088723439378913	4
5.4931640625	21	0	8
21.97265625	36.166666666666664	2.8577380332470415	6
5.4931640625	15	0	11
351.5625	2880.3333333333335	98.87534239300176	3
1406.25	1201.7837837837837	1205.3088155492937	37
351.5625	1146.5294117647059	637.2312293868549	17
351.5625	1230.6	283.63885488416423	25
351.5625	288.7729591836735	211.04516912297845	392
351.5625	575.2694805194806	205.04486386905134	308
351.5625	881.8513513513514	636.6958518302714	74
351.5625	680.7018633540373	246.04867010208827	161
351.5625	810.6	212.75069817621772	95
351.5625	604.3023255813954	484.22852411427766	43
351.5625	2155.25	758.1575803661575	4
351.5625	576.0681818181819	499.03862914875026	44
351.5625	640.3939393939394	315.6931414439202	99
351.5625	547.9029126213592	175.08924976591314	103
351.5625	381.21076233183857	234.363688019345	223
351.5625	404.1929824561403	198.55299006014155	114
351.5625	386.1190476190476	199.86100017725596	84
351.5625	361.987012987013	324.83414770206775	77
351.5625	660.016393442623	115.1897452683373	122
351.5625	524.85	331.3232282514272	20
351.5625	665.3	451.9336357377166	10
87.890625	122	29.765752132274432	6
87.890625	84.25	28.42910982979041	8
87.890625	111.66666666666667	29.436372059070052	9
351.5625	471.3421052631579	615.1228080554667	38
351.5625	996.0931034482759	1033.1737569461175	580
351.5625	774.542757417103	263.49488856138447	573
351.5625	658.876404494382	440.1894048784321	445
351.5625	353.5409836065574	534.6401148988135	61
351.5625	652.5871212121212	1108.045423970766	264
351.5625	370.93939393939394	488.3820975358057	66
351.5625	496.1097046413502	512.7407873697384	237
351.5625	275.99044585987264	392.6653910986376	942
351.5625	2115.556818181818	2792.7698312012626	88
351.5625	366.4344422700587	626.5910377087257	511
351.5625	575	603.3531080329105	112
351.5625	474.9642857142857	802.0167813904623	112
351.5625	644.0228310502283	894.9488194218758	219
351.5625	421.54242424242426	258.6394370104529	330
351.5625	618.816155988858	667.7942844397775	359
1406.25	1101.8352796558083	772.2605783637989	1627
1406.25	2849.966544454629	2545.4229313386013	2182
1406.25	1931.0822481151474	2486.565019619877	1459
1406.25	2754.9496321448783	2833.408919685159	3534
1406.25	1994.5688836104514	4367.158709279823	842
1406.25	1326.6008700380642	787.3013600065912	1839
351.5625	427.22222222222223	873.9804236409811	72
351.5625	484.76346604215456	419.01135907958866	427
351.5625	282.5	597.6247364202685	44
351.5625	669.6361524163568	504.2352565154687	2152
1406.25	1658.1467941507312	1456.3699858065177	1778
87.890625	144	137.41178988718545	6
87.890625	201.88235294117646	83.55528286181341	17
87.890625	89.16666666666667	41.80629936584517	6
87.890625	196.05263157894737	101.62702707242273	19
351.5625	214.4464609800363	415.6258286019899	551
87.890625	133.66666666666666	132.01960638703721	18
87.890625	174	76.19055059520177	19
87.890625	338	220.74419584668584	4
87.890625	209.35714285714286	71.79844346165508	14
351.5625	413.12450199203187	169.05893706793753	2008
351.5625	736	576.8692803977923	25
351.5625	418.21000658327847	897.5378823952699	1519
351.5625	478.4117647058824	471.05985007527556	17
351.5625	928.8520179372198	1489.0775971760588	446
1406.25	4220.10669456067	5226.9422561550455	478
351.5625	891.65625	881.930642249205	64
351.5625	1175.124031007752	1302.2539355368153	129
351.5625	530.5341812400636	462.4598803654412	629
351.5625	888.8412698412699	1259.2747939415074	63
1406.25	2269.5478386167147	2921.379239826291	3470
351.5625	388.3466666666667	159.0185995410601	225
351.5625	529.9791666666666	260.2331597415634	48
87.890625	143.83333333333334	53.97412233981151	18
21.97265625	26	13.591441157113278	12
21.97265625	36.411764705882355	5.933553642087464	51
87.890625	152.28	18.90661259982867	25
87.890625	163.375	45.12819042935991	8
21.97265625	63.333333333333336	1.632993161855452	6
87.890625	149.72222222222223	77.7324260869264	18
87.890625	170.3913043478261	81.54292741775777	23
87.890625	177.69565217391303	86.56654549200269	23
87.890625	198.8132530120482	195.58656474344477	166
87.890625	273.8636363636364	201.151522402976	66
87.890625	135.81578947368422	53.47636773488494	38
21.97265625	46.89010989010989	26.0531297115254	91
21.97265625	57.6	36.478913239173	10
21.97265625	59.7125	38.29550567255876	160
21.97265625	169.14285714285714	47.17495299919429	7
87.890625	210.85	227.09109834855388	60
87.890625	121.00621118012423	112.14675078298129	161
87.890625	93.72222222222223	47.552825802785534	18
87.890625	71	55.48498295334814	25
21.97265625	47.48275862068966	8.251990809728163	116
21.97265625	55.532467532467535	10.446082639697018	77
87.890625	149.9090909090909	19.143341726760568	22
87.890625	127.93055555555556	54.32772912426662	72
87.890625	77.38275862068966	42.21482847565211	290
87.890625	142.0373831775701	165.00862900441834	107
87.890625	112.89102564102564	79.5132428587151	156
87.890625	99.61904761904762	66.800376945392	42
87.890625	115.64285714285714	24.898585510818894	14
87.890625	204.91304347826087	187.70138592104178	23
87.890625	321.0571428571429	180.38161228467874	35
21.97265625	31.285714285714285	26.17229472149912	14
87.890625	105.66666666666667	66.3023378170031	9
87.890625	128.25	60.45590679715809	4
87.890625	167.33333333333334	16.753109164172084	6
87.890625	125.5	51.411088298148286	6
87.890625	165.625	31.941632036307368	8
87.890625	131.25	23.487078514426972	8
351.5625	342.25	480.34765147658396	44
351.5625	614.3654336734694	197.20116229055705	1568
351.5625	805.8351254480286	1169.9684715910766	279
351.5625	544.2976338729763	482.34784773682105	803
351.5625	1096.01	1519.174393637159	100
87.890625	137.14285714285714	51.44715272791609	7
87.890625	109.08547008547009	29.07705952309952	117
87.890625	81.57142857142857	43.06830761568326	14
351.5625	223.36301369863014	295.3463894503093	292
87.890625	124.8	34.63668575369186	5
87.890625	167.16666666666666	127.09109748060062	18
87.890625	259.19354838709677	128.65028030927843	31
87.890625	244.3939393939394	176.74786763104447	33
351.5625	1076.9417475728155	1124.3605226121563	103
1406.25	1181.892230576441	1315.2750504004166	399
87.890625	132.1679389312977	57.53489278044918	131
87.890625	280.7412587412587	136.92867030142764	143
87.890625	144.58241758241758	62.68972376076854	91
87.890625	199.359375	143.0198528995632	64
87.890625	285.2083333333333	243.36968786598888	120
87.890625	170.5772357723577	166.05909978839472	246
87.890625	261.9125874125874	175.99691798223822	286
87.890625	272.00625	254.15464754033545	160
87.890625	107.32307692307693	59.66940126918901	130
87.890625	171.44444444444446	89.92340428382832	63
87.890625	77.94782608695652	50.82250563053715	115
87.890625	93.63414634146342	59.16745562281725	41
87.890625	123.43859649122807	66.58802379017342	57
87.890625	123.5939393939394	53.729210042820974	165
21.97265625	78.71428571428571	61.30055661866572	14
21.97265625	85.0909090909091	55.31628068743332	11
21.97265625	52.10344827586207	19.52029052772402	58
87.890625	111.12727272727273	91.17810298885617	55
87.890625	161.30578512396696	160.18090618105106	242
87.890625	170.7041420118343	220.8752773342992	169
87.890625	323.531914893617	215.16863614672093	94
87.890625	344.4367816091954	186.83711978366722	87
351.5625	487.8157894736842	254.82317619280155	532
87.890625	143.4878048780488	71.21696495611825	41
87.890625	220.96428571428572	144.99905507976928	56
87.890625	81.33333333333333	57.28209227357268	15
87.890625	108.3157894736842	74.53281710116399	38
87.890625	208.78787878787878	146.98859350319205	66
87.890625	219.2882882882883	183.84150225805374	111
87.890625	136.49122807017545	104.75722320936318	57
87.890625	226.39344262295083	251.54299027459334	61
87.890625	149	53.225933528685054	3
87.890625	127.5	57.21013896155121	4
87.890625	112	0	11
21.97265625	34.666666666666664	6.531972647421808	6
21.97265625	44	0	11
87.890625	78.42857142857143	36.269231351893055	21
87.890625	74.94444444444444	43.27813226129501	18
87.890625	158.91176470588235	47.8079286229354	34
87.890625	197.71153846153845	32.634239530646184	52
351.5625	597.046511627907	708.5971134354467	172
351.5625	775.7333333333333	566.1993465202872	45
351.5625	1230.3628318584072	979.9373801235153	113
351.5625	479.7875	472.8501603731641	480
351.5625	710.9015151515151	637.5595206371794	264
351.5625	375.98709677419356	568.5576822281723	310
351.5625	348.7150837988827	425.0075990045562	358
351.5625	670.2745098039215	605.0737274797794	255
351.5625	643.069182389937	549.2131324028566	159
351.5625	351.68055555555554	473.43919866206085	360
351.5625	287.7299465240642	290.1980728979261	374
351.5625	768.8561403508772	557.4855303552487	285
351.5625	710.6687898089172	322.51427169124935	314
351.5625	975.9957264957264	687.7861386461976	234
351.5625	896.3784722222222	531.8381632314821	288
351.5625	679.504	462.50260023680545	125
351.5625	524.3088235294117	279.53245394847715	136
351.5625	927.9467455621302	431.7082935484471	169
351.5625	748.1666666666666	104.56806150627203	66
351.5625	903.5955882352941	1203.3617632551732	272
351.5625	403.79163314561544	128.46791686109344	1243
351.5625	1076.936170212766	1554.0900448692546	188
351.5625	665.6629901960785	228.94652930083862	816
87.890625	189.85714285714286	40.10165653863761	7
87.890625	177.55555555555554	53.29962169849439	18
87.890625	120	25.995191863111916	9
87.890625	101.72727272727273	80.55094378996775	33
351.5625	464.21238938053096	468.36160959789646	113
87.890625	79	27.801378862687127	25
87.890625	82.75757575757575	56.368225925066994	33
87.890625	279	0	11
351.5625	951.5112107623319	447.10706601143704	223
1406.25	1348.0189873417721	1371.2603550823692	158
351.5625	562.9107142857143	188.2435015740565	336
87.890625	529	433.31397392652826	3
87.890625	150.87092391304347	28.843342710876254	736
87.890625	1924.5	1136.5636805740362	4
87.890625	103.42857142857143	69.9392200806851	14
5.4931640625	9	0	3
5.4931640625	6	0	5
87.890625	78.2	164.66168160126105	50
87.890625	187.97619047619048	115.18436718439763	42
351.5625	805.6666666666666	894.2378621858204	33
351.5625	404.40102827763496	274.86549385268114	1945
351.5625	1247.6	1141.1317846769496	25
351.5625	414.88204140587385	234.06902883590863	2077
351.5625	1803.9	1426.4193633009893	20
351.5625	809.4761040532366	443.9640172485195	1653
351.5625	2934.698039215686	782.9047461419386	255
351.5625	774.4669479606189	342.58168861897815	2133
351.5625	1455.886075949367	931.8135472587397	79
351.5625	442.1391254968768	202.1215499990228	1761
351.5625	2447.090909090909	1583.9027403565824	11
351.5625	659.548353909465	150.09068569160124	972
351.5625	308.05405405405406	562.5800689846751	185
351.5625	547.4543707973103	323.4043701280049	1041
351.5625	544.3800904977376	777.9336208899188	221
351.5625	699.0927835051547	624.6337774127172	97
351.5625	380.3245192307692	680.4377775611039	416
351.5625	553.9926470588235	416.5550872168944	136
351.5625	303.51428571428573	293.9474833730788	70
87.890625	305.5	231.21940381034784	64
87.890625	205.1346153846154	168.88190894953019	52
87.890625	158.734375	164.3814999620149	64
87.890625	106.63235294117646	71.5952354813836	68
87.890625	246.828125	175.517245088375	64
87.890625	237	144.0180783670985	59
87.890625	89.42857142857143	69.75318567952573	63
87.890625	113.775	66.50293515789649	40
87.890625	158.77018633540374	52.519961669077766	805
87.890625	211.46153846153845	192.4506929859418	13
87.890625	251.13513513513513	125.08267536184088	37
351.5625	275.1090909090909	487.84277892732155	935
87.890625	215.38888888888889	170.49566105989783	54
87.890625	171.46268656716418	148.56100964456445	67
87.890625	116.5	76.1861356988742	56
87.890625	185.40740740740742	165.25070179713146	81
87.890625	246.60416666666666	312.4857606684941	48
87.890625	226.28571428571428	291.3981674377221	42
87.890625	115.05	77.31120925792766	40
87.890625	123.77464788732394	78.03812203625657	71
351.5625	330.3636363636364	182.54044337629256	55
87.890625	59.421052631578945	82.12004477827544	19
87.890625	119.2	62.196462921937936	10
87.890625	84	135.23313203501573	23
351.5625	521.4347826086956	179.83978376901746	23
87.890625	83.58	104.06553861163938	50
87.890625	67.9	109.1344227190588	10
87.890625	101.81481481481481	27.577913455178415	27
87.890625	268.95	169.7817406957657	20
21.97265625	21.586206896551722	45.24813906305929	29
87.890625	126	171.47302994931886	3
87.890625	100.91304347826087	44.946344824061924	23
351.5625	302.75	181.79609392790007	44
351.5625	708.6934673366834	581.4068634929454	199
351.5625	293.1225071225071	297.65205829334997	351
351.5625	292.6204379562044	215.74181189006833	274
351.5625	283.7848101265823	364.4913454533987	474
351.5625	365.49484536082474	362.8588489261164	97
351.5625	572.6705202312139	810.1021131342354	519
87.890625	114.60526315789474	113.04281405462419	38
87.890625	210.2058823529412	192.07555006831643	34
87.890625	70.4125	92.13579600276594	80
87.890625	71.72916666666667	103.3889042121271	48
351.5625	365.5642857142857	356.1023131526426	420
351.5625	446.3011363636364	230.3838416924829	176
351.5625	418.5016722408027	268.20172182109167	299
351.5625	443.5769230769231	233.44697293180565	104
351.5625	677.570281124498	425.20372261556065	249
87.890625	259.1666666666667	281.6434991368709	12
87.890625	67.05	135.1313104081788	20
87.890625	134.2	136.5598769770975	15
351.5625	604.4638783269962	205.0055985722584	263
351.5625	573.8888888888889	241.80878226294251	27
351.5625	709.5239726027397	174.07894910929278	292
1406.25	1660.4071038251366	3737.615820660745	366
1406.25	1069.3934845097413	3247.8303790375094	3131
1406.25	2182.86846038864	2855.3933835615244	669
1406.25	1955.1747851002865	1752.181648604735	349
351.5625	336.2071767095464	284.94648692195625	1477
351.5625	332.6014234875445	457.35340883106494	281
351.5625	708.4426229508197	1017.6656620823081	976
351.5625	361.95010395010394	330.6492126230489	1443
351.5625	505.2	627.7875436801849	5
87.890625	69.45161290322581	38.88173410885667	31
21.97265625	44.65217391304348	23.164645270623808	23
21.97265625	82.64285714285714	30.333041499220066	14
21.97265625	74.27777777777777	37.88963160294035	18
21.97265625	60.4	21.140797840510498	10
351.5625	611.8439306358382	686.5599568413157	173
351.5625	750.875	821.6127759300172	8
351.5625	677.2268314210062	1723.0251287377596	1133
351.5625	631.463768115942	694.2936022373106	897
351.5625	633.9694767441861	1482.5109518995757	688
351.5625	761.9938271604939	993.4605497700803	648
351.5625	377.81258191349934	352.31676088282825	763
351.5625	569.2714285714286	805.1370019602041	70
351.5625	551.9556886227545	617.7121800342647	835
351.5625	465.66564417177915	571.5527575833402	652
1406.25	2597.385466034755	3278.055074078182	1266
1406.25	2251.8305439330543	3005.9424636732947	478
1406.25	2845.8531831961886	2140.789793278971	2309
1406.25	1981.1488511488512	1603.1292250361673	2002
1406.25	1145.3327814569536	1762.0970960267489	1208
1406.25	1065.291777188329	1660.659089864533	2262
1406.25	3394.6190476190477	2501.969788124566	210
1406.25	1294.786926461345	1957.7968661320654	1591
21.97265625	107.66666666666667	88.6359595950387	3
21.97265625	44	4	3
21.97265625	34.63636363636363	18.789745752791482	11
21.97265625	22	4	4
21.97265625	20.85	12.942280771909846	20
21.97265625	48.57142857142857	12.946777499402994	7
21.97265625	52.75	13.884729535922343	8
21.97265625	60.5	23.24038262626897	14
21.97265625	61.5	27.274530243434075	6
21.97265625	80	13.341664064126334	6
21.97265625	35.25	6.413527370592047	16
21.97265625	52	37.82667237356655	8
21.97265625	38.35294117647059	9.239461405234808	17
5.4931640625	9	0	8
21.97265625	35	0	6
21.97265625	55.2	15.17893276880822	10
5.4931640625	16	0	8
21.97265625	54	0	7
87.890625	90.5	60.753600716336145	4
87.890625	66.2	46.4039472005289	20
21.97265625	72	43.266615305567875	3
21.97265625	64	40.50925820105819	3
21.97265625	43.57142857142857	19.225479125864396	7
87.890625	77.33333333333333	62.37841507017204	6
87.890625	71.82142857142857	57.28231164603281	28
21.97265625	69.38461538461539	1.5021352323976218	13
21.97265625	64	17.944358444926362	10
21.97265625	96.8	7.791020472312982	5
21.97265625	77.83333333333333	12.480651692386365	6
21.97265625	72	0	11
21.97265625	66.8695652173913	17.519610694683845	23
21.97265625	58.38461538461539	15.966310686037552	13
21.97265625	68.8	6.260990336999411	5
87.890625	81.5	44.77797077432905	16
87.890625	75.73333333333333	30.05819751906688	15
21.97265625	64.9	22.14322068313962	10
21.97265625	28	0	10
21.97265625	72.42857142857143	16.01933355726909	7
351.5625	1260.5714285714287	1163.6286431020935	7
351.5625	348.8212290502793	649.1275920670379	179
351.5625	663.5416666666666	1076.3414271287822	24
5.4931640625	16	0	4
21.97265625	70.6	12.680693987317888	5
21.97265625	39	30.245660845813898	6
21.97265625	35.833333333333336	26.925205044097	6
21.97265625	46	22.516660498395403	3
21.97265625	42.75	37.5	4
21.97265625	56.8	38.53829264510819	5
21.97265625	34.333333333333336	19.60442127004348	3
21.97265625	41.111111111111114	13.023483063724202	9
21.97265625	54.888888888888886	24.735826469134015	9
21.97265625	30	2.1081851067789197	10
21.97265625	37.75	25.03830398942122	4
21.97265625	30	15.588457268119896	3
21.97265625	24.666666666666668	10.308572484426088	6
87.890625	94.53571428571429	35.79104185754694	28
21.97265625	27.9	10.482260146446366	10
5.4931640625	19.666666666666668	1.2909944487358056	15
5.4931640625	20	0	11
5.4931640625	21.666666666666668	4.932882862316247	3
5.4931640625	16	0	11
21.97265625	63	0	11
21.97265625	25	0	12
21.97265625	66.6923076923077	11.926054218842424	13
21.97265625	23.384615384615383	5.506918725217745	26
21.97265625	24	0	11
21.97265625	27	0	11
21.97265625	40	0	11
21.97265625	57.2	31.98749755763961	5
5.4931640625	20	0	5
5.4931640625	16	0	5
21.97265625	42	0	11
21.97265625	89.53846153846153	23.29740824145962	13
5.4931640625	12	0	11
1406.25	831.9630094043887	1938.785206203923	1595
351.5625	976.1204819277109	1374.7859646947654	83
351.5625	827.6190476190476	1137.467031442691	21
351.5625	726.2227848101265	803.1514235336973	395
351.5625	772.448559670782	987.5077865724932	243
1406.25	1171.801681850035	2267.8561913581743	1427
1406.25	1053.4659468438538	1761.1842010971998	1204
351.5625	696.3333333333334	864.2030313012938	117
351.5625	1547.625	870.299609740396	8
1406.25	1200.0908059023836	1050.1027356317488	881
351.5625	443.2857142857143	387.2207565274805	21
87.890625	255	21.213203435596427	5
351.5625	979.6923076923077	614.7443079057862	13
87.890625	154.13793103448276	69.38902966913174	29
87.890625	43	93.26536640912623	15
1406.25	1347.1641059169663	1705.1754829359738	3059
1406.25	2891.993902439024	1695.4094378769441	328
1406.25	2654.76267281106	3352.024889586133	434
1406.25	1055.5955249569708	1335.1501291116047	1162
1406.25	3528.681818181818	2943.2817735898275	88
1406.25	1911.9678714859438	1828.1029933506682	498
1406.25	3052.987878787879	1698.6500163073504	165
1406.25	2687.810344827586	1273.651191216255	174
351.5625	776.8507462686567	1080.1807263732405	67
351.5625	1647.337837837838	4395.737774587133	74
87.890625	124.5952380952381	145.57959176253658	42
87.890625	160.28	81.84361103144623	25
87.890625	212.5873015873016	288.51844212987965	63
87.890625	112.05882352941177	131.76637078780092	51
87.890625	211.92307692307693	121.63456585747339	39
87.890625	106.97058823529412	99.40626322994174	34
21.97265625	221.71428571428572	322.4622645952733	14
21.97265625	38.62647058823529	19.24623564041981	340
21.97265625	71.15384615384616	62.887261765064096	13
21.97265625	34.26086956521739	19.20278718241502	23
87.890625	80.6923076923077	66.84709726648919	39
351.5625	477.27385892116183	1060.6990160254272	964
351.5625	2230.462962962963	2117.525493490811	54
351.5625	360.5144927536232	498.9111536180418	138
351.5625	484.8032786885246	757.9341171389884	183
351.5625	553.05	421.86365087319086	140
87.890625	52.85	165.18715881053657	40
21.97265625	53	13.111410713919799	23
21.97265625	20.153846153846153	14.97690529808119	13
87.890625	958	284.05633244129587	12
87.890625	255	0	11
351.5625	830.5393258426966	305.2727244577346	178
351.5625	291.7837837837838	379.5073688627181	74
351.5625	1062.534090909091	587.9923361151897	88
351.5625	895.6029411764706	467.1581962137964	68
351.5625	1570.9142857142858	1142.8501875838774	35
351.5625	1386.6516853932585	1073.834252712337	89
351.5625	211.71621621621622	555.1453819580911	148
351.5625	664.3233830845771	919.3705781133625	201
87.890625	150.33333333333334	13.203534880225574	3
87.890625	122.4	7.602631123499285	5
87.890625	156.16666666666666	19.701945758393173	6
87.890625	128.5	28.98850346832919	4
87.890625	92.73333333333333	22.90497970394419	15
87.890625	195	181.70580618131055	5
87.890625	135.8	42.61689805699143	5
87.890625	233.3	297.69673233753247	10
351.5625	197.593984962406	626.0789600409594	133
87.890625	308.8	881.4729061125623	20
87.890625	110.12121212121212	140.1755055224872	33
21.97265625	76.07142857142857	33.11626206543868	14
21.97265625	66	28.930952282978865	9
21.97265625	58.166666666666664	46.65368867160095	6
21.97265625	67.16666666666667	49.96165196094567	6
87.890625	67.2	46.314652744283094	35
1406.25	1077.3868852459016	1256.4474855870283	305
1406.25	1056.7280334728034	1022.4998475933719	239
1406.25	1119.262987012987	1075.0031152637769	924
1406.25	1482.6666666666667	2096.4149112058863	906
1406.25	1126.5586107091171	920.2479898723789	691
1406.25	1534.0310559006211	1074.984997818486	644
1406.25	1245.6375545851529	1007.0612877445227	458
351.5625	731.2258064516129	223.96637602028068	93
1406.25	1055.2825	1038.3194503118925	400
351.5625	909.6	1031.6834785921503	5
87.890625	101.5	45.17742799230607	4
87.890625	150	33.555923471125034	8
87.890625	229.8	118.9840325421861	5
21.97265625	74.66666666666667	24.440403706431145	3
21.97265625	53.5	16.212740088475808	18
87.890625	143.66666666666666	109.07406435606732	12
87.890625	127.8	59.92662179699436	5
21.97265625	53.57142857142857	4.847113109316257	14
87.890625	85.33333333333333	9.237604307034013	3
21.97265625	37.23076923076923	4.437601569801833	13
351.5625	384.9428571428571	654.298634051003	35
351.5625	374.01785714285717	418.7049510561835	56
87.890625	99.56666666666666	37.180531922270674	30
87.890625	100.33333333333333	38.5027471547361	27
21.97265625	64.4	31.068587719063494	15
21.97265625	75.07142857142857	42.91039731582776	14
21.97265625	38	13.564659966250536	4
21.97265625	57	41.37363626487014	10
21.97265625	44.4	47.19816380609172	25
21.97265625	64.33333333333333	47.094231777009234	6
21.97265625	105.66666666666667	46.1988455844227	3
87.890625	112.47058823529412	121.97248455091123	34
87.890625	96.87096774193549	29.852684899334005	31
87.890625	77.03333333333333	56.05445833161333	30
87.890625	95.34615384615384	74.48808887745331	26
351.5625	516.0769230769231	388.31569541841685	130
351.5625	425	557.9865719645533	70
87.890625	102.71428571428571	60.596821615625736	35
87.890625	127.05714285714286	77.06984718122787	35
87.890625	76.08695652173913	71.54014324043293	23
87.890625	57.73076923076923	67.31867954278825	26
87.890625	114.8	88.5580446527997	45
87.890625	141.20689655172413	94.05825676156577	29
87.890625	98.56	137.2589037791963	25
87.890625	97.3	161.24388197288047	20
1406.25	985.6521739130435	1736.9350556194129	46
21.97265625	48.666666666666664	53.15386470740705	3
21.97265625	42.666666666666664	39.25981830489455	3
21.97265625	45.333333333333336	10.503967504392488	3
21.97265625	30.642857142857142	1.7368026705655182	14
21.97265625	30.75	4.5	4
21.97265625	42	0	11
87.890625	90	0	6
351.5625	681.3870967741935	695.3000764802462	93
351.5625	389.57272727272726	331.2629560309532	110
87.890625	186.36363636363637	202.61645080388618	33
87.890625	177.54166666666666	139.9241966105271	24
87.890625	68	88.75343606752982	30
21.97265625	56.44444444444444	7.333333333333333	9
21.97265625	60.77777777777778	20.627096843303146	18
21.97265625	28.333333333333332	10.214368964029708	3
21.97265625	23	4.58257569495584	3
87.890625	149.89285714285714	142.94892620319155	28
87.890625	178.61290322580646	133.3850759816242	31
21.97265625	83.81818181818181	36.460439333113314	11
21.97265625	67.36363636363636	40.78546978342343	11
21.97265625	28.833333333333332	7.547626558506102	6
21.97265625	31.75	3.685557397915997	4
21.97265625	58.916666666666664	41.48484571795373	12
21.97265625	67	47.02127178203499	11
21.97265625	28	6.928203230275509	3
21.97265625	47.166666666666664	39.49894513359397	6
87.890625	165.33333333333334	247.64250346782057	15
87.890625	112.1	8.748968193132516	10
87.890625	169.30769230769232	64.7307044806721	13
87.890625	187.6875	69.54587814289691	16
87.890625	113.4	27.170887781909936	15
87.890625	123.6	76.15880294034376	50
87.890625	167.82608695652175	57.990322212898	23
87.890625	106.10909090909091	53.55532712973625	55
87.890625	164.9375	152.87944596969209	32
87.890625	180	141.8206735574044	30
21.97265625	62.8	49.59536268644479	5
21.97265625	60.666666666666664	43.046486500061775	9
21.97265625	36.75	8.616843969807043	4
21.97265625	46.55555555555556	35.1820661385567	9
21.97265625	40	6.745368781616021	5
21.97265625	30.6	1.242118006816238	15
21.97265625	70.5	85.18802732778826	4
87.890625	98.4	50.697703526463044	15
87.890625	100.35	35.567985309086154	20
21.97265625	80.5	59.924953066314536	4
21.97265625	38	24.24871130596428	3
21.97265625	39	0	11
21.97265625	24	0	11
87.890625	89	6.8660656232559525	15
21.97265625	26.142857142857142	25.7379012438769	14
5.4931640625	18	0	5
87.890625	126	0	11
87.890625	105	0	12
