1468	0.001386774902756638	0
793	0.005242685607982411	0
719	0.008794182310164045	0
286	0.012142736343649586	0
786	0.015389819042787078	0
722	0.015525114155251141	0
1520	0.01758836462032809	0
26	0.021418907491966854	0
177	0.022281413833925248	0
819	0.022661931337730423	0
1551	0.022881785895484525	0
224	0.023008625063419583	0
490	0.023084728564180618	0
476	0.024860476915271434	0
1547	0.025570776255707764	0
215	0.026230339928970066	0
1488	0.027490275663791645	0
566	0.028056823947234907	0
1312	0.028124471503466936	0
770	0.028462709284627092	0
954	0.02932521562658549	0
1311	0.029460510739049553	0
1416	0.030018603077963807	0
1297	0.03002705902249281	0
1204	0.030737358362929137	0
1157	0.030779638085574157	0
210	0.03084728564180619	0
376	0.030864197530864196	0
259	0.03128699475731439	0
925	0.03133773042448842	0
1431	0.031659056316590564	0
578	0.03194655843057669	0
527	0.032445459157787924	0
1624	0.03250465076949095	0
472	0.032555386436664974	0
856	0.03257229832572298	0
685	0.03277524099441908	0
1477	0.03277524099441908	0
327	0.03313039066463724	0
559	0.033164214442753255	0
1394	0.033164214442753255	0
1148	0.033181126331811264	0
1633	0.03335024522239134	0
1097	0.03340098088956536	0
1044	0.0334855403348554	0
522	0.03363774733637747	0
594	0.034576357179096906	0
1323	0.034703196347031964	0
186	0.03480466768138001	0
1001	0.034838491459496024	0
70	0.03487231523761204	0
1587	0.03494841873837307	0
1047	0.0350076103500761	0
1208	0.03517672924065618	0
180	0.03603923558261458	0
347	0.036191442584136646	0
335	0.03653813630982581	0
920	0.036952477591746996	0
134	0.03713850837138508	0
40	0.037637409098596315	0
676	0.03795027904616946	0
1200	0.03833925249450364	0
15	0.03854219516319973	0
929	0.03862675460848977	0
406	0.03863521055301877	0
697	0.03971757145273127	0
796	0.040047353289362424	0
232	0.04006426517842043	0
120	0.04018264840182648	0
260	0.04030948756976154	0
741	0.04085066801961779	0
603	0.04099441907661086	0
621	0.04145104008117707	0
1237	0.04200913242009133	0
1014	0.042990021985455776	0
1433	0.04349737865719601	0
511	0.043970911550820224	0
1239	0.04743784880771182	0
35	0.04824116353796719	0
1132	0.0487062404870624	0
287	0.04885844748858448	0
528	0.04939117199391172	0
1622	0.050668019617791306	1
906	0.05085405039742939	1
231	0.05115846440047353	1
1224	0.05122611195670557	1
627	0.05198714696431592	1
10	0.052968036529680365	1
1104	0.053948926095044814	1
17	0.05584305766954169	1
854	0.05810925080331473	1
1462	0.06158464400473533	1
891	0.06199898528665652	1
79	0.06255707762557078	1
941	0.06451885675629968	1
1017	0.06484018264840183	1
440	0.06631997294097751	1
1458	0.067376966007103	1
704	0.06888212413326568	1
1232	0.06894977168949772	1
654	0.06900050735667174	1
384	0.07254354811432437	1
975	0.07263656350414341	1
269	0.07288178589548452	1
388	0.07349906984610181	1
300	0.08244545915778792	1
432	0.08341789277862337	1
1500	0.09315068493150686	1
1490	0.09362421782513107	1
939	0.09550143751056993	1
784	0.09748012853035684	1
1233	0.09846101809572129	1
8	0.09918822932521562	1
341	0.1002113986132251	1
955	0.10251987146964316	1
271	0.10299340436326737	1
1145	0.12683071199052934	1
1111	0.1382293252156266	1
619	0.14452900388973447	1
1167	0.17730424488415356	2
1259	0.18555724674446136	2
1155	0.19279553526128868	2
32	0.19426686960933537	2
1140	0.2093015389819043	2
1360	0.2100456621004566	2
293	0.24726872991713175	2
824	0.3005073566717402	3
658	0.30099780145442245	3
1609	0.3354642313546423	3
323	0.3540673093184509	4
1199	0.3665144596651446	4
1584	0.3896330120074412	4
638	0.4041434128192119	4
1533	0.4132589210214781	4
1071	0.41946558430576697	4
1284	0.4216133942161339	4
372	0.4228648740064265	4
209	0.4232876712328767	4
1195	0.4246067985794013	4
481	0.4278116015558938	4
773	0.4343565026213428	4
486	0.43440723828851685	4
1585	0.4358954845256215	4
480	0.43901572805682393	4
1042	0.44550989345509895	4
800	0.4489091831557585	4
255	0.45227464907830206	5
917	0.45729748012853033	5
183	0.46028242854726875	5
734	0.4613563335024522	5
492	0.46166074750549635	5
1024	0.46232031117875866	5
892	0.4635548790799932	5
633	0.46534753932014206	5
1537	0.46795197023507523	5
721	0.47082699137493655	5
986	0.4812785388127854	5
710	0.48200575004227975	5
90	0.48205648570945375	5
163	0.4871807880940301	5
308	0.4872315237612041	5
216	0.4925925925925926	5
1056	0.49357348215795704	5
746	0.49388635210553017	5
109	0.4961610011838322	5
820	0.4963639438525283	5
902	0.49654997463216644	5
1613	0.49707424319296467	5
123	0.5002621342803991	5
1192	0.5008625063419584	5
783	0.5026382546930492	5
1069	0.5058007779468967	5
911	0.5060882800608828	5
990	0.5070353458481313	5
1559	0.5078640284119736	5
4	0.5169118890580078	5
247	0.5185523422966345	5
72	0.5203703703703704	5
173	0.5229832572298325	5
1436	0.5234314222898698	5
7	0.5276171148317267	5
423	0.5315660409267715	5
1453	0.5316252325384746	5
622	0.5321664129883308	5
97	0.5382377811601556	5
1446	0.5418061897513953	5
325	0.5421106037544394	5
630	0.5421444275325554	5
840	0.5428885506511077	5
296	0.5442584136648063	5
735	0.5451378318958228	5
1187	0.5464231354642314	5
190	0.5471672585827837	5
1178	0.5482834432606122	5
615	0.5499661762218839	5
329	0.5507864028411974	6
28	0.552181633688483	6
768	0.552342296634534	6
1598	0.5531709791983764	6
765	0.5601386774902757	6
787	0.5601725012683917	6
763	0.5629460510739049	6
360	0.5664637239979706	6
789	0.567444613563335	6
363	0.5754862168104177	6
1278	0.5772957889396245	6
1266	0.5794013191273465	6
1423	0.5832910536106883	6
1434	0.5843226788432268	6
1182	0.5909183155758498	6
1369	0.5947573143920176	6
981	0.5952815829528159	6
438	0.5987231523761204	6
644	0.6017503805175038	6
728	0.6064603416201589	6
199	0.6114324370032133	6
557	0.6121427363436496	6
754	0.6168442415017757	6
337	0.6201927955352613	6
1386	0.6203619144258413	6
1380	0.6272112294943345	6
799	0.6283189582276341	6
606	0.6285134449518012	6
1439	0.6290377135125994	6
608	0.6291560967360054	6
49	0.6298833079654997	6
700	0.6302215457466599	6
430	0.6305428716387621	6
409	0.6311516996448503	6
1510	0.6321664129883308	6
416	0.632724505327245	6
1049	0.6361068831388466	6
1175	0.6374260104853712	6
974	0.6381447657703365	6
444	0.6383223406054457	6
905	0.6441823101640454	6
1562	0.6473702012514798	6
328	0.650135295112464	7
549	0.654143412819212	7
1363	0.654320987654321	7
691	0.6590140368679182	7
1082	0.6699898528665652	7
887	0.6702012514797903	7
448	0.6799255876881448	7
1074	0.6824285472687299	7
1304	0.684711652291561	7
1210	0.6866226957551158	7
57	0.6920852359208524	7
1158	0.7430407576526298	7
141	0.745780483680027	7
497	0.758794182310164	8
1033	0.763182817520717	8
544	0.780551327583291	8
1164	0.7932183324877389	8
461	0.8112041265009301	8
1403	0.8444275325553864	8
1295	0.8484018264840183	8
396	0.8838660578386606	9
48	0.9742601048537122	10
124	0.99	10
315	0.99	10
462	0.99	10
571	0.99	10
590	0.99	10
1523	0.99	10
69	0.9975646879756469	10
